 03-Sep-14 03/13/12
 153928               1
  0.603600000E+04
*6036.00              1               0 DN    3   1 CLC
  0.000000000E+00 0.000000000E+00 0.000000000E+00 0.000000000E+00
  0.000000000E+00 0.000000000E+00 0.000000000E+00 0.000000000E+00
  0.000000000E+00 0.000000000E+00 0.000000000E+00 0.000000000E+00
  0.000000000E+00 0.000000000E+00 0.000000000E+00 0.000000000E+00
  0.000000000E+00 0.000000000E+00 0.000000000E+00 0.000000000E+00
  0.000000000E+00 0.000000000E+00 0.000000000E+00 0.000000000E+00
  0.000000000E+00 0.000000000E+00 0.000000000E+00
  0.000000000E+00 0.000000000E+00 0.000000000E+00
  0.000000000E+00
  0.000000000E+00
  0.000000000E+00 0.000000000E+00 0.000000000E+00 0.000000000E+00
  0.000000000E+00 0.000000000E+00 0.000000000E+00 0.000000000E+00
  0.000000000E+00 0.000000000E+00 0.000000000E+00 0.000000000E+00
  0.000000000E+00 0.000000000E+00 0.000000000E+00 0.000000000E+00
  0.000000000E+00 0.000000000E+00 0.000000000E+00 0.000000000E+00
  2.380000000E+02-1.160800000E+02 2.451040000E+02 0.101000000E+03	
  0.000000000E+00 0.000000000E+00 0.000000000E+00 0.000000000E+00
  0.000000000E+00 0.000000000E+00 0.000000000E+00 0.000000000E+00
  0.000000000E+00 0.000000000E+00 0.000000000E+00 0.000000000E+00
  0.000000000E+00 0.000000000E+00 0.000000000E+00 0.000000000E+00
  0.000000000E+00 0.000000000E+00 0.000000000E+00 0.000000000E+00
  0.000000000E+00 0.000000000E+00 0.000000000E+00 0.000000000E+00
  0.000000000E+00 0.000000000E+00 0.000000000E+00 0.000000000E+00
  0.000000000E+00 0.000000000E+00 0.000000000E+00 0.000000000E+00
  0.000000000E+00 0.000000000E+00 0.000000000E+00 0.000000000E+00
  0.000000000E+00 0.000000000E+00 0.000000000E+00 0.000000000E+00
  0.000000000E+00 0.000000000E+00 0.000000000E+00 0.000000000E+00
  0.000000000E+00 0.000000000E+00 0.000000000E+00 0.000000000E+00
  0.000000000E+00 0.000000000E+00 0.000000000E+00 0.000000000E+00
  0.000000000E+00 0.000000000E+00 0.000000000E+00 0.000000000E+00
  0.000000000E+00 0.000000000E+00 0.000000000E+00 0.000000000E+00
  0.000000000E+00 0.000000000E+00 0.000000000E+00 0.000000000E+00
  0.000000000E+00 0.000000000E+00 0.000000000E+00 0.000000000E+00
  0.000000000E+00 0.000000000E+00 0.000000000E+00 0.000000000E+00
  0.000000000E+00 0.000000000E+00 0.000000000E+00 0.000000000E+00
  0.000000000E+00 0.000000000E+00 0.000000000E+00 0.000000000E+00
  0.000000000E+00 0.000000000E+00 0.000000000E+00 0.000000000E+00
  0.000000000E+00 0.000000000E+00 0.000000000E+00 0.000000000E+00
  0.000000000E+00 0.000000000E+00 0.000000000E+00 0.000000000E+00
  0.000000000E+00 0.000000000E+00 0.000000000E+00 0.000000000E+00
  0.000000000E+00 0.000000000E+00 0.000000000E+00 0.000000000E+00
  0.000000000E+00 0.000000000E+00 0.000000000E+00 0.000000000E+00
  0.000000000E+00 0.000000000E+00 0.000000000E+00 0.000000000E+00
  0.000000000E+00 0.000000000E+00 0.000000000E+00 0.000000000E+00
  0.000000000E+00 0.000000000E+00 0.000000000E+00 0.000000000E+00
  0.000000000E+00 0.000000000E+00 0.000000000E+00 0.000000000E+00
  0.000000000E+00
  0.000000000E+00 0.000000000E+00 0.000000000E+00 1.000000000E+00
  0.000000000E+00 0.000000000E+00 0.000000000E+00 2.000000000E+00
  0.000000000E+00 0.000000000E+00 0.000000000E+00 3.000000000E+00
  0.000000000E+00 0.000000000E+00 0.000000000E+00 4.000000000E+00
  0.000000000E+00 0.000000000E+00
  0.000000000E+00 0.000000000E+00
  0.000000000E+00 2.263200000E+02-1.482300000E+02 2.684600000E+02
 -1.321800000E+02 0.000000000E+00 0.000000000E+00 6.000000000E+00
  0.000000000E+00 0.000000000E+00 0.000000000E+00 7.000000000E+00
  0.000000000E+00 0.000000000E+00 0.000000000E+00 8.000000000E+00
  0.000000000E+00 0.000000000E+00 0.000000000E+00 9.000000000E+00

