TokaMaker:                                         0  65  65
 0.158400000E+01 0.268400000E+01 0.200719025E+01 0.114800000E+01 0.000000000E+00
 0.200719025E+01 0.609153651E-05 0.292631988E+01 0.718538695E+00 0.113591624E+02
 0.831000007E+07 0.292631988E+01 0.000000000E+00 0.200719025E+01 0.000000000E+00
 0.609153651E-05 0.000000000E+00 0.718538695E+00 0.000000000E+00 0.000000000E+00
 0.234889659E+02 0.234721425E+02 0.234553164E+02 0.234384997E+02 0.234216999E+02
 0.234049290E+02 0.233881967E+02 0.233715122E+02 0.233548876E+02 0.233383307E+02
 0.233218533E+02 0.233054653E+02 0.232891757E+02 0.232729968E+02 0.232569362E+02
 0.232410056E+02 0.232252151E+02 0.232095732E+02 0.231940921E+02 0.231787795E+02
 0.231636466E+02 0.231487035E+02 0.231339583E+02 0.231194230E+02 0.231051050E+02
 0.230910151E+02 0.230771630E+02 0.230635565E+02 0.230502069E+02 0.230371215E+02
 0.230243101E+02 0.230117822E+02 0.229995449E+02 0.229876087E+02 0.229759804E+02
 0.229646689E+02 0.229536828E+02 0.229430286E+02 0.229327155E+02 0.229227496E+02
 0.229131384E+02 0.229038897E+02 0.228950085E+02 0.228865026E+02 0.228783770E+02
 0.228706375E+02 0.228632900E+02 0.228563381E+02 0.228497872E+02 0.228436406E+02
 0.228379017E+02 0.228325734E+02 0.228276574E+02 0.228231554E+02 0.228190674E+02
 0.228153934E+02 0.228121312E+02 0.228092787E+02 0.228068307E+02 0.228047811E+02
 0.228031223E+02 0.228018397E+02 0.228009209E+02 0.228003403E+02 0.228000525E+02
 0.331425776E+07 0.323215416E+07 0.315009603E+07 0.306814241E+07 0.298632994E+07
 0.290471683E+07 0.282334979E+07 0.274227270E+07 0.266154476E+07 0.258120241E+07
 0.250130247E+07 0.242189235E+07 0.234301406E+07 0.226472632E+07 0.218706510E+07
 0.211008523E+07 0.203383429E+07 0.195835212E+07 0.188369622E+07 0.180990180E+07
 0.173702112E+07 0.166510120E+07 0.159417947E+07 0.152431135E+07 0.145553094E+07
 0.138788724E+07 0.132142593E+07 0.125618166E+07 0.119220681E+07 0.112953386E+07
 0.106820780E+07 0.100827195E+07 0.949757710E+06 0.892713276E+06 0.837168775E+06
 0.783164261E+06 0.730739348E+06 0.679921577E+06 0.630753413E+06 0.583261587E+06
 0.537479969E+06 0.493442642E+06 0.451172260E+06 0.410703473E+06 0.372057928E+06
 0.335261522E+06 0.300339989E+06 0.267309431E+06 0.236193407E+06 0.207005561E+06
 0.179760868E+06 0.154471822E+06 0.131144808E+06 0.109786346E+06 0.903961374E+05
 0.729723460E+05 0.575037406E+05 0.439794763E+05 0.323748690E+05 0.226592614E+05
 0.147971269E+05 0.871851072E+04 0.436392895E+04 0.161256208E+04 0.248600034E+03
 0.114538841E+02 0.114482058E+02 0.114386410E+02 0.114216117E+02 0.113968209E+02
 0.113681500E+02 0.113284806E+02 0.112846473E+02 0.112337115E+02 0.111747908E+02
 0.111120334E+02 0.110387308E+02 0.109610332E+02 0.108766542E+02 0.107841529E+02
 0.106878974E+02 0.105816432E+02 0.104708219E+02 0.103537957E+02 0.102286133E+02
 0.100998026E+02 0.996163595E+01 0.981880530E+01 0.967030132E+01 0.951373508E+01
 0.935371697E+01 0.918509052E+01 0.901180144E+01 0.883342815E+01 0.864725019E+01
 0.845785906E+01 0.826072944E+01 0.805907005E+01 0.785298070E+01 0.763956224E+01
 0.742325084E+01 0.720022423E+01 0.697298427E+01 0.674204916E+01 0.650456683E+01
 0.626462639E+01 0.601920437E+01 0.577015701E+01 0.551826069E+01 0.526106151E+01
 0.500201587E+01 0.473904321E+01 0.447347190E+01 0.420607341E+01 0.393539224E+01
 0.366378693E+01 0.339037360E+01 0.311620245E+01 0.284155558E+01 0.256718706E+01
 0.229349128E+01 0.202134218E+01 0.175221876E+01 0.148478590E+01 0.122542836E+01
 0.970625321E+00 0.724952010E+00 0.494893396E+00 0.273197620E+00 0.107267777E+00
 0.238064067E+07 0.237946046E+07 0.237747245E+07 0.237393299E+07 0.236878032E+07
 0.236282120E+07 0.235457609E+07 0.234546552E+07 0.233487875E+07 0.232263232E+07
 0.230958848E+07 0.229435284E+07 0.227820373E+07 0.226066592E+07 0.224143991E+07
 0.222143362E+07 0.219934915E+07 0.217631541E+07 0.215199203E+07 0.212597340E+07
 0.209920065E+07 0.207048329E+07 0.204079656E+07 0.200993064E+07 0.197738902E+07
 0.194412994E+07 0.190908166E+07 0.187306426E+07 0.183599014E+07 0.179729385E+07
 0.175792972E+07 0.171695717E+07 0.167504313E+07 0.163220835E+07 0.158785024E+07
 0.154289084E+07 0.149653572E+07 0.144930486E+07 0.140130599E+07 0.135194631E+07
 0.130207572E+07 0.125106580E+07 0.119930238E+07 0.114694681E+07 0.109348906E+07
 0.103964754E+07 0.984989799E+06 0.929791942E+06 0.874214312E+06 0.817954393E+06
 0.761502396E+06 0.704674608E+06 0.647689310E+06 0.590605137E+06 0.533578816E+06
 0.476692323E+06 0.420127300E+06 0.364191151E+06 0.308606379E+06 0.254700027E+06
 0.201740309E+06 0.150678165E+06 0.102861469E+06 0.567829531E+05 0.222951472E+05
-0.375358106E+01-0.378307741E+01-0.379918959E+01-0.379935343E+01-0.378222770E+01
-0.374886421E+01-0.369892705E+01-0.362902805E+01-0.354538002E+01-0.344928356E+01
-0.334005405E+01-0.321771750E+01-0.308193365E+01-0.293498711E+01-0.278035652E+01
-0.261804187E+01-0.244804318E+01-0.227036043E+01-0.208586715E+01-0.190219661E+01
-0.171395497E+01-0.152486649E+01-0.133493119E+01-0.114414906E+01-0.957517310E+00
-0.771084924E+00-0.590492849E+00-0.413541677E+00-0.240169780E+00-0.708771922E-01
 0.910443954E-01 0.245124634E+00 0.391363524E+00 0.529761065E+00 0.659158940E+00
 0.779747017E+00 0.892382945E+00 0.994992931E+00 0.108805940E+01 0.117224107E+01
 0.124667659E+01 0.131150508E+01 0.136716603E+01 0.141365946E+01 0.145098535E+01
 0.147914372E+01 0.149797357E+01 0.150924046E+01 0.151235361E+01 0.150731301E+01
 0.149411867E+01 0.147337178E+01 0.144582044E+01 0.141130013E+01 0.136975354E+01
 0.132143934E+01 0.126643511E+01 0.120474670E+01 0.113652651E+01 0.106209842E+01
 0.981462425E+00 0.894688643E+00 0.801920539E+00 0.703053833E+00 0.598086449E+00
-0.339027936E+01-0.341331414E+01-0.342274461E+01-0.341879092E+01-0.340314210E+01
-0.337173093E+01-0.332501424E+01-0.326737147E+01-0.319749414E+01-0.311384526E+01
-0.301674944E+01-0.290703216E+01-0.278944235E+01-0.266225721E+01-0.252622947E+01
-0.238302366E+01-0.223263978E+01-0.207507783E+01-0.191461752E+01-0.175036053E+01
-0.158233711E+01-0.141367975E+01-0.124438845E+01-0.107446319E+01-0.908190114E+00
-0.740776690E+00-0.577161635E+00-0.417762176E+00-0.262229871E+00-0.110276840E+00
 0.371642669E-01 0.176909687E+00 0.308813758E+00 0.433651711E+00 0.551671321E+00
 0.662769153E+00 0.765580577E+00 0.859658641E+00 0.945304528E+00 0.102242964E+01
 0.109052437E+01 0.115049770E+01 0.120152033E+01 0.124371258E+01 0.127708742E+01
 0.130164485E+01 0.131918446E+01 0.132778846E+01 0.132850391E+01 0.132187460E+01
 0.130761122E+01 0.128534420E+01 0.125680127E+01 0.122062510E+01 0.117770632E+01
 0.112804494E+01 0.107168241E+01 0.100879830E+01 0.939497121E+00 0.863744577E+00
 0.781709225E+00 0.693781437E+00 0.599687116E+00 0.499492118E+00 0.393144034E+00
-0.306159482E+01-0.308038890E+01-0.308623355E+01-0.307912877E+01-0.306075739E+01
-0.303142443E+01-0.299147344E+01-0.294000632E+01-0.287702305E+01-0.280405803E+01
-0.271839370E+01-0.262128084E+01-0.251693010E+01-0.240534149E+01-0.228657176E+01
-0.216085256E+01-0.202735644E+01-0.188884677E+01-0.174625453E+01-0.159957975E+01
-0.144949416E+01-0.129911211E+01-0.114804181E+01-0.996638386E+00-0.845999696E+00
-0.696125736E+00-0.547687163E+00-0.403253073E+00-0.263008118E+00-0.127174943E+00
 0.390656871E-02 0.130764021E+00 0.251437765E+00 0.365403088E+00 0.472520204E+00
 0.572762252E+00 0.666332611E+00 0.752264288E+00 0.829763787E+00 0.899438100E+00
 0.961422927E+00 0.101523492E+01 0.106174945E+01 0.109953111E+01 0.112849536E+01
 0.114944462E+01 0.116302001E+01 0.116890661E+01 0.116701839E+01 0.115778542E+01
 0.114120767E+01 0.111757330E+01 0.108670683E+01 0.104879761E+01 0.100408092E+01
 0.952536808E+00 0.894234482E+00 0.829683249E+00 0.758691716E+00 0.681236522E+00
 0.597479022E+00 0.507622144E+00 0.411744588E+00 0.310090556E+00 0.202087424E+00
-0.276036084E+01-0.277471408E+01-0.277624951E+01-0.276786764E+01-0.275288300E+01
-0.272649005E+01-0.268981655E+01-0.264337614E+01-0.258716883E+01-0.252002679E+01
-0.244427020E+01-0.236035818E+01-0.226832857E+01-0.216810032E+01-0.205987972E+01
-0.194882924E+01-0.182879868E+01-0.170559365E+01-0.157921416E+01-0.144966021E+01
-0.131648222E+01-0.118064767E+01-0.104410753E+01-0.908332112E+00-0.773321429E+00
-0.639075475E+00-0.505594251E+00-0.375452956E+00-0.249076524E+00-0.125954619E+00
-0.722723290E-02 0.107105635E+00 0.217043985E+00 0.320409061E+00 0.417312913E+00
 0.508037900E+00 0.592199020E+00 0.669559719E+00 0.739608813E+00 0.802159442E+00
 0.857321167E+00 0.904987585E+00 0.945202190E+00 0.978511597E+00 0.100315790E+01
 0.102008553E+01 0.102955242E+01 0.103174433E+01 0.102702699E+01 0.101519035E+01
 0.995623195E+00 0.968961107E+00 0.935400919E+00 0.894988109E+00 0.847891163E+00
 0.794227644E+00 0.733850905E+00 0.666996409E+00 0.593933561E+00 0.514341674E+00
 0.428648415E+00 0.336735256E+00 0.238725359E+00 0.134924075E+00 0.249346041E-01
-0.248659064E+01-0.249558711E+01-0.249622622E+01-0.248831250E+01-0.247199596E+01
-0.244768016E+01-0.241436522E+01-0.237128336E+01-0.231942066E+01-0.226037441E+01
-0.219363410E+01-0.211842904E+01-0.203502535E+01-0.194356868E+01-0.184775062E+01
-0.174738395E+01-0.164048409E+01-0.152968853E+01-0.141571851E+01-0.129859375E+01
-0.117950251E+01-0.105877886E+01-0.936198444E+00-0.812986798E+00-0.690982722E+00
-0.570186217E+00-0.450649027E+00-0.333776285E+00-0.218030533E+00-0.106171676E+00
 0.108228683E-02 0.103731355E+00 0.201775529E+00 0.295214808E+00 0.383273192E+00
 0.465124814E+00 0.540829187E+00 0.610076064E+00 0.672674492E+00 0.728423284E+00
 0.777130030E+00 0.818806536E+00 0.853323668E+00 0.880622101E+00 0.900682568E+00
 0.913317291E+00 0.918781700E+00 0.917176067E+00 0.908278373E+00 0.892422629E+00
 0.869475534E+00 0.839692089E+00 0.803089729E+00 0.759711020E+00 0.709789259E+00
 0.653249549E+00 0.590234233E+00 0.520853215E+00 0.445112079E+00 0.363174223E+00
 0.275084530E+00 0.180786557E+00 0.804548418E-01-0.258841433E-01-0.138228006E+00
-0.223967178E+01-0.224460440E+01-0.224261470E+01-0.223375434E+01-0.221802333E+01
-0.219406259E+01-0.216230513E+01-0.212213563E+01-0.207469598E+01-0.201998618E+01
-0.195800623E+01-0.189130821E+01-0.181637601E+01-0.173396529E+01-0.164700596E+01
-0.155549801E+01-0.145983747E+01-0.136145138E+01-0.125738184E+01-0.115159683E+01
-0.104417942E+01-0.935129585E+00-0.824447340E+00-0.712132681E+00-0.602177558E+00
-0.492898969E+00-0.385180778E+00-0.279056058E+00-0.174524810E+00-0.727217659E-01
 0.244929685E-01 0.117102809E+00 0.205553287E+00 0.289706236E+00 0.369140495E+00
 0.442696837E+00 0.510424477E+00 0.572107119E+00 0.627504017E+00 0.676421060E+00
 0.718711860E+00 0.754240525E+00 0.782942991E+00 0.804711160E+00 0.819510547E+00
 0.827313832E+00 0.828119445E+00 0.822012788E+00 0.808938820E+00 0.789045584E+00
 0.762329057E+00 0.728870938E+00 0.688750121E+00 0.642044980E+00 0.588817087E+00
 0.529153970E+00 0.463098496E+00 0.390742416E+00 0.312147644E+00 0.227389004E+00
 0.136459596E+00 0.394068817E-01-0.635648452E-01-0.172498087E+00-0.287438599E+00
-0.201290643E+01-0.201561661E+01-0.201147186E+01-0.200085397E+01-0.198382735E+01
-0.195980965E+01-0.192981919E+01-0.189235780E+01-0.184845427E+01-0.179810860E+01
-0.174071371E+01-0.167830173E+01-0.160929835E+01-0.153587173E+01-0.145747085E+01
-0.137389792E+01-0.128563224E+01-0.119521684E+01-0.110136817E+01-0.100569426E+01
-0.908195127E+00-0.808870765E+00-0.707721176E+00-0.606541246E+00-0.505654757E+00
-0.405519661E+00-0.307510664E+00-0.211627766E+00-0.117870967E+00-0.257735431E-01
 0.625245357E-01 0.146612079E+00 0.226512449E+00 0.302225646E+00 0.373700486E+00
 0.439443797E+00 0.499713847E+00 0.554215552E+00 0.602728295E+00 0.645039483E+00
 0.680987052E+00 0.710423031E+00 0.733259639E+00 0.749405842E+00 0.758806386E+00
 0.761451249E+00 0.757315905E+00 0.746436863E+00 0.728823913E+00 0.704535716E+00
 0.673604840E+00 0.636103673E+00 0.592083220E+00 0.541609150E+00 0.484758595E+00
 0.421570137E+00 0.352126548E+00 0.276470023E+00 0.194666804E+00 0.106760591E+00
 0.127966011E-01-0.871882681E-01-0.193088740E+00-0.304924853E+00-0.422707192E+00
-0.180478283E+01-0.180503880E+01-0.179889283E+01-0.178634271E+01-0.176788563E+01
-0.174392008E+01-0.171444605E+01-0.167936084E+01-0.163785087E+01-0.159039562E+01
-0.153718693E+01-0.147830244E+01-0.141526544E+01-0.134812052E+01-0.127580355E+01
-0.119831452E+01-0.111679985E+01-0.103328789E+01-0.947815694E+00-0.860422125E+00
-0.771316923E+00-0.680388758E+00-0.588490337E+00-0.496271364E+00-0.403699675E+00
-0.311941957E+00-0.222310338E+00-0.134804458E+00-0.492937779E-01 0.343238744E-01
 0.114518177E+00 0.191233434E+00 0.263763895E+00 0.331929221E+00 0.395593573E+00
 0.454210565E+00 0.507587209E+00 0.555353564E+00 0.597318670E+00 0.633281461E+00
 0.663038573E+00 0.686463778E+00 0.703436413E+00 0.713883342E+00 0.717754739E+00
 0.715021190E+00 0.705674776E+00 0.689748868E+00 0.667247752E+00 0.638235920E+00
 0.602746794E+00 0.560831313E+00 0.512557092E+00 0.457966971E+00 0.397135710E+00
 0.330107858E+00 0.256929164E+00 0.177659824E+00 0.923543379E-01 0.104892155E-02
-0.962205031E-01-0.199411525E+00-0.308492768E+00-0.423391222E+00-0.544238297E+00
-0.161215299E+01-0.160973814E+01-0.160208873E+01-0.158878016E+01-0.156995846E+01
-0.154577160E+01-0.151621960E+01-0.148124464E+01-0.144093917E+01-0.139604578E+01
-0.134592453E+01-0.129039736E+01-0.123089854E+01-0.116758357E+01-0.110081518E+01
-0.102922392E+01-0.954299817E+00-0.877415478E+00-0.798533949E+00-0.717298636E+00
-0.633761370E+00-0.549200176E+00-0.464674085E+00-0.380181647E+00-0.295651276E+00
-0.211557579E+00-0.129232225E+00-0.487998991E-01 0.297393991E-01 0.106385669E+00
 0.180151113E+00 0.249853313E+00 0.315410918E+00 0.376838491E+00 0.433958330E+00
 0.486193903E+00 0.533221789E+00 0.574751332E+00 0.610562980E+00 0.640442375E+00
 0.664206715E+00 0.681707878E+00 0.692830873E+00 0.697507353E+00 0.695687089E+00
 0.687373955E+00 0.672567893E+00 0.651305388E+00 0.623626763E+00 0.589562227E+00
 0.549169780E+00 0.502516617E+00 0.449648840E+00 0.390580530E+00 0.325463046E+00
 0.254298610E+00 0.177078078E+00 0.939149604E-01 0.482193961E-02-0.901289443E-01
-0.190924129E+00-0.297574788E+00-0.409965669E+00-0.528090003E+00-0.652163236E+00
-0.143572338E+01-0.143033847E+01-0.141981020E+01-0.140455491E+01-0.138486003E+01
-0.136060230E+01-0.133100779E+01-0.129626805E+01-0.125723189E+01-0.121364406E+01
-0.116556699E+01-0.111361673E+01-0.105723307E+01-0.997033163E+00-0.933016997E+00
-0.866313885E+00-0.796254181E+00-0.724664794E+00-0.650773456E+00-0.574580166E+00
-0.496164885E+00-0.417467392E+00-0.338802905E+00-0.260101050E+00-0.181490576E+00
-0.103235144E+00-0.267090873E-01 0.480290099E-01 0.120405373E+00 0.190420003E+00
 0.257683483E+00 0.321370318E+00 0.381459377E+00 0.437188351E+00 0.488472310E+00
 0.534896454E+00 0.576141195E+00 0.611938474E+00 0.641985494E+00 0.666102347E+00
 0.684077592E+00 0.695761410E+00 0.701034521E+00 0.699828375E+00 0.692141046E+00
 0.678004528E+00 0.657459208E+00 0.630560554E+00 0.597375708E+00 0.557940865E+00
 0.512318358E+00 0.460588140E+00 0.402792052E+00 0.339003112E+00 0.269265465E+00
 0.193602376E+00 0.112092712E+00 0.247811418E-01-0.683496859E-01-0.167178041E+00
-0.271729850E+00-0.381921363E+00-0.497799055E+00-0.619416164E+00-0.746698055E+00
-0.127154119E+01-0.126313151E+01-0.125067360E+01-0.123377609E+01-0.121243898E+01
-0.118666228E+01-0.115707749E+01-0.112329356E+01-0.108508382E+01-0.104224801E+01
-0.995149569E+00-0.944718593E+00-0.890734484E+00-0.832929040E+00-0.771639245E+00
-0.708099307E+00-0.641722291E+00-0.573208458E+00-0.503090676E+00-0.431368945E+00
-0.358024853E+00-0.283841803E+00-0.209818530E+00-0.135886637E+00-0.620461263E-01
 0.115902145E-01 0.830358434E-01 0.152833511E+00 0.220498642E+00 0.285660170E+00
 0.347883466E+00 0.406664894E+00 0.461631286E+00 0.512434011E+00 0.558690901E+00
 0.600028096E+00 0.636138103E+00 0.666691570E+00 0.691447052E+00 0.710129233E+00
 0.722520680E+00 0.728457972E+00 0.727814156E+00 0.720571279E+00 0.706759030E+00
 0.686477172E+00 0.659863034E+00 0.626989556E+00 0.587932686E+00 0.542780007E+00
 0.491551417E+00 0.434430648E+00 0.371306732E+00 0.302421400E+00 0.227817224E+00
 0.147407238E+00 0.613941992E-01-0.301645029E-01-0.127387494E+00-0.230331032E+00
-0.339069452E+00-0.453183026E+00-0.572605904E+00-0.697762798E+00-0.828509875E+00
-0.111894330E+01-0.110819598E+01-0.109407301E+01-0.107535459E+01-0.105245969E+01
-0.102538830E+01-0.994214991E+00-0.959526471E+00-0.921405611E+00-0.879205035E+00
-0.832962461E+00-0.783381958E+00-0.730672244E+00-0.675172488E+00-0.615872097E+00
-0.554403071E+00-0.490765413E+00-0.425386521E+00-0.357981267E+00-0.289205392E+00
-0.219083121E+00-0.148064644E+00-0.772889474E-01-0.681920168E-02 0.632775126E-01
 0.132647427E+00 0.200538386E+00 0.266667918E+00 0.330568091E+00 0.391849922E+00
 0.450117708E+00 0.504906732E+00 0.555858309E+00 0.602528057E+00 0.644559807E+00
 0.681578229E+00 0.713215103E+00 0.739119584E+00 0.758971616E+00 0.772448542E+00
 0.779336936E+00 0.779497003E+00 0.772846136E+00 0.759362957E+00 0.739178387E+00
 0.712411904E+00 0.679302767E+00 0.640036527E+00 0.594727960E+00 0.543448463E+00
 0.486339469E+00 0.423383282E+00 0.354828594E+00 0.280579307E+00 0.200759769E+00
 0.115161164E+00 0.243801160E-01-0.719199267E-01-0.173643868E+00-0.280912800E+00
-0.393599703E+00-0.511595910E+00-0.634901421E+00-0.763516235E+00-0.897528013E+00
-0.976897366E+00-0.963522655E+00-0.947093198E+00-0.926586846E+00-0.901904009E+00
-0.873291257E+00-0.841261091E+00-0.805798584E+00-0.766968543E+00-0.724414350E+00
-0.678575110E+00-0.629656707E+00-0.577659141E+00-0.522917942E+00-0.465459441E+00
-0.405555903E+00-0.343207328E+00-0.278786432E+00-0.213113348E+00-0.146385657E+00
-0.788111316E-01-0.101406607E-01 0.581076677E-01 0.126401384E+00 0.194062928E+00
 0.260752206E+00 0.325982579E+00 0.389390383E+00 0.450550055E+00 0.509028677E+00
 0.564393798E+00 0.616246177E+00 0.664102718E+00 0.707588239E+00 0.746278487E+00
 0.779668409E+00 0.807380472E+00 0.828947465E+00 0.844071158E+00 0.852471438E+00
 0.853903627E+00 0.848273753E+00 0.835515445E+00 0.815648884E+00 0.788820193E+00
 0.755280255E+00 0.715273647E+00 0.669145486E+00 0.617142416E+00 0.559331030E+00
 0.495867071E+00 0.426835102E+00 0.352280653E+00 0.272341061E+00 0.186912862E+00
 0.961061922E-01 0.194487375E-03-0.100822252E+00-0.207257739E+00-0.318751067E+00
-0.435320604E+00-0.557315936E+00-0.684566715E+00-0.816924635E+00-0.954389697E+00
-0.844467981E+00-0.828403344E+00-0.809085608E+00-0.786624608E+00-0.760522357E+00
-0.730883942E+00-0.697581243E+00-0.660910047E+00-0.620889198E+00-0.577733398E+00
-0.531622281E+00-0.482543480E+00-0.430471250E+00-0.375568587E+00-0.318138840E+00
-0.258750776E+00-0.197312269E+00-0.133621795E+00-0.689780343E-01-0.341493997E-02
 0.630284663E-01 0.130096139E+00 0.197254131E+00 0.264154083E+00 0.330345090E+00
 0.395518564E+00 0.459237425E+00 0.521037949E+00 0.580577641E+00 0.637320708E+00
 0.690873208E+00 0.740792573E+00 0.786548015E+00 0.827583124E+00 0.863423348E+00
 0.893581841E+00 0.917577602E+00 0.935018176E+00 0.945576594E+00 0.948984768E+00
 0.945040544E+00 0.933636847E+00 0.914723467E+00 0.888411027E+00 0.854836616E+00
 0.814263285E+00 0.767075691E+00 0.713638204E+00 0.654446139E+00 0.589652202E+00
 0.519442176E+00 0.443898778E+00 0.363070345E+00 0.277086360E+00 0.186066857E+00
 0.899894802E-01-0.112171622E-01-0.117553071E+00-0.228666787E+00-0.344718058E+00
-0.465881356E+00-0.591892852E+00-0.722757604E+00-0.858729497E+00-0.999808532E+00
-0.720506897E+00-0.702052981E+00-0.680386513E+00-0.655630622E+00-0.627344624E+00
-0.595963194E+00-0.561233709E+00-0.523156169E+00-0.481748204E+00-0.437708833E+00
-0.390740978E+00-0.340779693E+00-0.287824977E+00-0.232014063E+00-0.174333911E+00
-0.114678550E+00-0.532824936E-01 0.981222820E-02 0.742920535E-01 0.139945870E+00
 0.206306183E+00 0.273082890E+00 0.339951178E+00 0.406503689E+00 0.472340633E+00
 0.537119803E+00 0.600398283E+00 0.661725929E+00 0.720730778E+00 0.776832751E+00
 0.829493969E+00 0.878183477E+00 0.922266553E+00 0.961165538E+00 0.994426537E+00
 0.102155040E+01 0.104201447E+01 0.105551406E+01 0.106166158E+01 0.106023410E+01
 0.105101200E+01 0.103392857E+01 0.100897258E+01 0.976202537E+00 0.935833536E+00
 0.888158943E+00 0.833619337E+00 0.772626412E+00 0.705778940E+00 0.633548468E+00
 0.556155697E+00 0.473713911E+00 0.386322274E+00 0.294016057E+00 0.196900688E+00
 0.952028004E-01-0.113996096E-01-0.122915243E+00-0.239362066E+00-0.360114473E+00
-0.485221872E+00-0.615189981E+00-0.750038555E+00-0.889767595E+00-0.103437710E+01
-0.605237175E+00-0.584038980E+00-0.559790505E+00-0.532491749E+00-0.501930707E+00
-0.468371829E+00-0.431826409E+00-0.392044778E+00-0.348927106E+00-0.303034698E+00
-0.254541191E+00-0.203475847E+00-0.149638646E+00-0.928656778E-01-0.343574344E-01
 0.259883034E-01 0.883206336E-01 0.152352765E+00 0.217713796E+00 0.284090933E+00
 0.351221436E+00 0.418722642E+00 0.486295751E+00 0.553557506E+00 0.620132383E+00
 0.685609317E+00 0.749559609E+00 0.811477769E+00 0.870695230E+00 0.926713924E+00
 0.978849061E+00 0.102653075E+01 0.106911548E+01 0.110613562E+01 0.113699016E+01
 0.116120391E+01 0.117838465E+01 0.118805790E+01 0.119000413E+01 0.118391769E+01
 0.116963878E+01 0.114702861E+01 0.111615523E+01 0.107709873E+01 0.103005513E+01
 0.975341032E+00 0.913408446E+00 0.844782625E+00 0.770084478E+00 0.689974592E+00
 0.604998354E+00 0.515289074E+00 0.420957610E+00 0.322059404E+00 0.218646250E+00
 0.110754819E+00-0.138940892E-02-0.118312715E+00-0.239557816E+00-0.365080868E+00
-0.494881872E+00-0.628953017E+00-0.767760703E+00-0.911128259E+00-0.105892550E+01
-0.497030392E+00-0.473189373E+00-0.446391787E+00-0.416544735E+00-0.383700955E+00
-0.347879968E+00-0.309078077E+00-0.267295282E+00-0.222462986E+00-0.174817060E+00
-0.124562448E+00-0.716884118E-01-0.161959008E-01 0.419019126E-01 0.102133298E+00
 0.164395085E+00 0.228461205E+00 0.294108036E+00 0.361063708E+00 0.429089483E+00
 0.497877554E+00 0.567062116E+00 0.636354686E+00 0.705381879E+00 0.773722399E+00
 0.840802887E+00 0.906084751E+00 0.968922073E+00 0.102867936E+01 0.108473185E+01
 0.113643429E+01 0.118322256E+01 0.122445243E+01 0.125965538E+01 0.128825869E+01
 0.130976292E+01 0.132379455E+01 0.132996658E+01 0.132787906E+01 0.131737619E+01
 0.129824861E+01 0.127046444E+01 0.123393725E+01 0.118879579E+01 0.113531897E+01
 0.107372866E+01 0.100455548E+01 0.928390227E+00 0.845851887E+00 0.757705191E+00
 0.664749420E+00 0.567444857E+00 0.465873478E+00 0.360119176E+00 0.250228731E+00
 0.136217994E+00 0.181926968E-01-0.103747845E+00-0.230016972E+00-0.360602903E+00
-0.495010273E+00-0.633262935E+00-0.776115323E+00-0.923020246E+00-0.107410254E+01
-0.395835297E+00-0.369366161E+00-0.339986642E+00-0.307712229E+00-0.272545436E+00
-0.234369636E+00-0.193182351E+00-0.148983581E+00-0.101831421E+00-0.519583119E-01
 0.625214874E-03 0.557860761E-01 0.113527462E+00 0.173727100E+00 0.236155616E+00
 0.300660419E+00 0.367038824E+00 0.435033480E+00 0.504414345E+00 0.574909939E+00
 0.646258411E+00 0.718097004E+00 0.790058553E+00 0.861598200E+00 0.932158309E+00
 0.100111235E+01 0.106781842E+01 0.113164849E+01 0.119189457E+01 0.124800449E+01
 0.129932475E+01 0.134525042E+01 0.138523196E+01 0.141871653E+01 0.144516792E+01
 0.146416132E+01 0.147523645E+01 0.147807334E+01 0.147229554E+01 0.145771084E+01
 0.143410881E+01 0.140138260E+01 0.135956938E+01 0.130874868E+01 0.124911927E+01
 0.118104078E+01 0.110495050E+01 0.102142331E+01 0.931247608E+00 0.835121859E+00
 0.734064640E+00 0.628836926E+00 0.519791890E+00 0.406961026E+00 0.290386800E+00
 0.170084064E+00 0.460913831E-01-0.815807857E-01-0.213090248E+00-0.348319570E+00
-0.487268750E+00-0.629931950E+00-0.776291308E+00-0.926703202E+00-0.108116763E+01
-0.301439830E+00-0.272311102E+00-0.240295596E+00-0.205392670E+00-0.167542234E+00
-0.126737677E+00-0.830155284E-01-0.363281649E-01 0.133566374E-01 0.657760959E-01
 0.120859359E+00 0.178700219E+00 0.239144550E+00 0.302051468E+00 0.367278970E+00
 0.434660533E+00 0.503990956E+00 0.575075279E+00 0.647659118E+00 0.721464334E+00
 0.796192263E+00 0.871308090E+00 0.946271674E+00 0.102044337E+01 0.109321034E+01
 0.116395850E+01 0.123201714E+01 0.129670917E+01 0.135744266E+01 0.141357575E+01
 0.146445330E+01 0.150956763E+01 0.154829678E+01 0.158014474E+01 0.160460804E+01
 0.162122533E+01 0.162959730E+01 0.162934758E+01 0.162017666E+01 0.160180980E+01
 0.157410356E+01 0.153690669E+01 0.149021530E+01 0.143416279E+01 0.136887720E+01
 0.129468033E+01 0.121210411E+01 0.112166026E+01 0.102413023E+01 0.920340081E+00
 0.811325218E+00 0.698052360E+00 0.581282117E+00 0.461214677E+00 0.337818984E+00
 0.211138860E+00 0.810954111E-01-0.522548721E-01-0.188908336E+00-0.328829448E+00
-0.472215122E+00-0.619425973E+00-0.769408964E+00-0.923374341E+00-0.108085657E+01
-0.213410932E+00-0.181579293E+00-0.146899597E+00-0.109329030E+00-0.687757397E-01
-0.252683287E-01 0.211932030E-01 0.706088555E-01 0.122895011E+00 0.178122190E+00
 0.236235859E+00 0.297118757E+00 0.360675056E+00 0.426801546E+00 0.495367696E+00
 0.566223462E+00 0.639183562E+00 0.714036292E+00 0.790521757E+00 0.868178327E+00
 0.946471633E+00 0.102488548E+01 0.110272948E+01 0.117939038E+01 0.125424494E+01
 0.132657936E+01 0.139582475E+01 0.146127712E+01 0.152233508E+01 0.157836104E+01
 0.162878877E+01 0.167304082E+01 0.171057056E+01 0.174084896E+01 0.176345064E+01
 0.177790009E+01 0.178380431E+01 0.178076735E+01 0.176849954E+01 0.174676576E+01
 0.171534465E+01 0.167412684E+01 0.162305049E+01 0.156222755E+01 0.149181819E+01
 0.141205264E+01 0.132349440E+01 0.122663545E+01 0.112224786E+01 0.101118776E+01
 0.894599328E+00 0.773439033E+00 0.648871549E+00 0.521440489E+00 0.391173686E+00
 0.258027241E+00 0.122021500E+00-0.169227968E-01-0.158636919E+00-0.303439333E+00
-0.451517232E+00-0.602394291E+00-0.756425199E+00-0.913747311E+00-0.107427177E+01
-0.131569901E+00-0.971203455E-01-0.597917602E-01-0.195225388E-01 0.237527014E-01
 0.700580966E-01 0.119360444E+00 0.171648171E+00 0.227006258E+00 0.285385776E+00
 0.346709250E+00 0.410938166E+00 0.477998546E+00 0.547790261E+00 0.620189112E+00
 0.695080156E+00 0.772262034E+00 0.851321547E+00 0.931874037E+00 0.101332391E+01
 0.109501300E+01 0.117649298E+01 0.125698152E+01 0.133589877E+01 0.141251352E+01
 0.148627128E+01 0.155646846E+01 0.162250024E+01 0.168371133E+01 0.173955723E+01
 0.178945569E+01 0.183279271E+01 0.186917315E+01 0.189799373E+01 0.191886204E+01
 0.193130022E+01 0.193496556E+01 0.192942870E+01 0.191441443E+01 0.188968520E+01
 0.185499937E+01 0.181021421E+01 0.175529807E+01 0.169025581E+01 0.161525199E+01
 0.153054266E+01 0.143658728E+01 0.133388425E+01 0.122321748E+01 0.110549641E+01
 0.981715565E+00 0.853089941E+00 0.720914701E+00 0.586102082E+00 0.448935528E+00
 0.309377289E+00 0.167411630E+00 0.229366273E-01-0.124055213E+00-0.273813851E+00
-0.426047050E+00-0.580910119E+00-0.738381623E+00-0.898750538E+00-0.106228471E+01
-0.558098176E-01-0.187739525E-01 0.211361695E-01 0.641204324E-01 0.110230617E+00
 0.159390837E+00 0.211592717E+00 0.266988485E+00 0.325539712E+00 0.387228299E+00
 0.452031109E+00 0.519916670E+00 0.590825754E+00 0.664681209E+00 0.741382125E+00
 0.820678310E+00 0.902184813E+00 0.985400843E+00 0.106974062E+01 0.115468178E+01
 0.123955005E+01 0.132372712E+01 0.140656100E+01 0.148740536E+01 0.156556418E+01
 0.164043662E+01 0.171137689E+01 0.177778194E+01 0.183901670E+01 0.189455055E+01
 0.194382660E+01 0.198632033E+01 0.202153315E+01 0.204898720E+01 0.206825013E+01
 0.207887389E+01 0.208052241E+01 0.207279820E+01 0.205537304E+01 0.202804630E+01
 0.199052921E+01 0.194265382E+01 0.188437828E+01 0.181568279E+01 0.173670037E+01
 0.164765899E+01 0.154891390E+01 0.144103865E+01 0.132472496E+01 0.120091171E+01
 0.107060533E+01 0.935087867E+00 0.795645043E+00 0.653604194E+00 0.509621491E+00
 0.363759455E+00 0.215898163E+00 0.659535954E-01-0.860871366E-01-0.240327351E+00
-0.396739653E+00-0.555379507E+00-0.716858456E+00-0.880362493E+00-0.104664997E+01
 0.138213092E-01 0.534019564E-01 0.959777844E-01 0.141679534E+00 0.190507745E+00
 0.242513764E+00 0.297785953E+00 0.356350315E+00 0.418202132E+00 0.483377574E+00
 0.551874136E+00 0.623669198E+00 0.698744181E+00 0.776973752E+00 0.858106122E+00
 0.941718503E+00 0.102730673E+01 0.111429414E+01 0.120211781E+01 0.129021874E+01
 0.137781629E+01 0.146442148E+01 0.154924547E+01 0.163168263E+01 0.171106784E+01
 0.178679770E+01 0.185824209E+01 0.192483679E+01 0.198596147E+01 0.204110006E+01
 0.208972274E+01 0.213132929E+01 0.216543264E+01 0.219161648E+01 0.220940938E+01
 0.221843419E+01 0.221830687E+01 0.220866663E+01 0.218918682E+01 0.215959304E+01
 0.211965616E+01 0.206918245E+01 0.200804959E+01 0.193624329E+01 0.185383888E+01
 0.176106267E+01 0.165818641E+01 0.154584687E+01 0.142453055E+01 0.129530439E+01
 0.115916195E+01 0.101732995E+01 0.871215612E+00 0.722290934E+00 0.571700865E+00
 0.419651939E+00 0.266080173E+00 0.110915072E+00-0.459962121E-01-0.204550653E+00
-0.364979597E+00-0.527656061E+00-0.692206508E+00-0.859093444E+00-0.102740826E+01
 0.773205576E-01 0.119383836E+00 0.164591251E+00 0.212949066E+00 0.264479232E+00
 0.319376092E+00 0.377687598E+00 0.439429871E+00 0.504677488E+00 0.573457298E+00
 0.645795157E+00 0.721694500E+00 0.801087677E+00 0.883605549E+00 0.968923318E+00
 0.105648365E+01 0.114574562E+01 0.123618067E+01 0.132710977E+01 0.141790099E+01
 0.150795427E+01 0.159651236E+01 0.168298406E+01 0.176674806E+01 0.184706039E+01
 0.192341714E+01 0.199516901E+01 0.206177655E+01 0.212267741E+01 0.217732936E+01
 0.222526397E+01 0.226600409E+01 0.229907094E+01 0.232405697E+01 0.234057294E+01
 0.234813975E+01 0.234647408E+01 0.233518567E+01 0.231394111E+01 0.228245961E+01
 0.224049025E+01 0.218781732E+01 0.212431610E+01 0.204993105E+01 0.196466169E+01
 0.186874148E+01 0.176238477E+01 0.164610693E+01 0.152061470E+01 0.138663292E+01
 0.124527382E+01 0.109783877E+01 0.945728112E+00 0.790515392E+00 0.633567914E+00
 0.475626521E+00 0.316591902E+00 0.156385558E+00-0.511414649E-02-0.167990902E+00
-0.332206884E+00-0.498391070E+00-0.666396091E+00-0.835894868E+00-0.100688740E+01
 0.134718419E+00 0.179195870E+00 0.226794914E+00 0.277646313E+00 0.331907525E+00
 0.389654216E+00 0.450946976E+00 0.515886231E+00 0.584541991E+00 0.656969381E+00
 0.733227812E+00 0.813238925E+00 0.896683165E+00 0.983191276E+00 0.107225822E+01
 0.116335006E+01 0.125592286E+01 0.134932520E+01 0.144290494E+01 0.153606169E+01
 0.162807542E+01 0.171832649E+01 0.180613349E+01 0.189086608E+01 0.197191510E+01
 0.204866258E+01 0.212056562E+01 0.218704523E+01 0.224761826E+01 0.230174548E+01
 0.234899536E+01 0.238888042E+01 0.242100604E+01 0.244492431E+01 0.246024388E+01
 0.246659119E+01 0.246358016E+01 0.245088541E+01 0.242817303E+01 0.239512824E+01
 0.235147149E+01 0.229701856E+01 0.223156954E+01 0.215505140E+01 0.206745631E+01
 0.196891109E+01 0.185966106E+01 0.174016090E+01 0.161100676E+01 0.147298963E+01
 0.132718911E+01 0.117482736E+01 0.101742515E+01 0.856507878E+00 0.693760917E+00
 0.530247164E+00 0.366075631E+00 0.201143437E+00 0.352626553E-01-0.131641920E+00
-0.299504303E+00-0.468627410E+00-0.639244273E+00-0.811354891E+00-0.984955924E+00
 0.185881525E+00 0.232487632E+00 0.282406269E+00 0.335685649E+00 0.392538613E+00
 0.453010641E+00 0.517218052E+00 0.585274656E+00 0.657280382E+00 0.733332584E+00
 0.813368697E+00 0.897145545E+00 0.984273130E+00 0.107430083E+01 0.116669062E+01
 0.126088296E+01 0.135631744E+01 0.145221595E+01 0.154811353E+01 0.164319537E+01
 0.173684325E+01 0.182844567E+01 0.191725890E+01 0.200273477E+01 0.208428284E+01
 0.216127992E+01 0.223315435E+01 0.229944275E+01 0.235964084E+01 0.241321838E+01
 0.245979268E+01 0.249890387E+01 0.253012944E+01 0.255309568E+01 0.256737443E+01
 0.257264568E+01 0.256852030E+01 0.255464948E+01 0.253071779E+01 0.249638648E+01
 0.245138371E+01 0.239547979E+01 0.232848488E+01 0.225024658E+01 0.216076981E+01
 0.206009685E+01 0.194852730E+01 0.182634770E+01 0.169412650E+01 0.155276916E+01
 0.140318416E+01 0.124665038E+01 0.108459422E+01 0.918728792E+00 0.750749436E+00
 0.582120335E+00 0.413227507E+00 0.243910496E+00 0.740838414E-01-0.964850079E-01
-0.267800521E+00-0.439958422E+00-0.613010439E+00-0.787191149E+00-0.962834741E+00
 0.230807512E+00 0.279469223E+00 0.331350128E+00 0.386883713E+00 0.446111292E+00
 0.509113633E+00 0.576061551E+00 0.647080228E+00 0.722293644E+00 0.801727248E+00
 0.885194671E+00 0.972278425E+00 0.106263534E+01 0.115570366E+01 0.125097802E+01
 0.134779239E+01 0.144559654E+01 0.154369519E+01 0.164138748E+01 0.173806785E+01
 0.183304474E+01 0.192566334E+01 0.201529499E+01 0.210132129E+01 0.218313303E+01
 0.226022834E+01 0.233204119E+01 0.239805630E+01 0.245783665E+01 0.251089738E+01
 0.255683155E+01 0.259520876E+01 0.262565206E+01 0.264776489E+01 0.266119060E+01
 0.266554452E+01 0.266047255E+01 0.264564302E+01 0.262070832E+01 0.258534888E+01
 0.253928996E+01 0.248223259E+01 0.241400650E+01 0.233443498E+01 0.224345820E+01
 0.214114951E+01 0.202764541E+01 0.190331851E+01 0.176869183E+01 0.162451782E+01
 0.147177964E+01 0.131171531E+01 0.114582138E+01 0.975660159E+00 0.803201612E+00
 0.629947080E+00 0.456802239E+00 0.283570568E+00 0.110142497E+00-0.636424226E-01
-0.237902251E+00-0.412616937E+00-0.588242558E+00-0.764831593E+00-0.942192391E+00
 0.269137126E+00 0.319540892E+00 0.373313608E+00 0.430837461E+00 0.492212891E+00
 0.557544444E+00 0.626998879E+00 0.700742233E+00 0.778897130E+00 0.861310725E+00
 0.947685706E+00 0.103762107E+01 0.113070425E+01 0.122633912E+01 0.132398224E+01
 0.142302950E+01 0.152276997E+01 0.162258667E+01 0.172180618E+01 0.181974599E+01
 0.191574966E+01 0.200913116E+01 0.209935403E+01 0.218573484E+01 0.226775323E+01
 0.234483050E+01 0.241648956E+01 0.248223259E+01 0.254160495E+01 0.259416814E+01
 0.263952670E+01 0.267727626E+01 0.270702261E+01 0.272842945E+01 0.274110786E+01
 0.274470521E+01 0.273887724E+01 0.272326166E+01 0.269754226E+01 0.266138865E+01
 0.261446808E+01 0.255655486E+01 0.248736945E+01 0.240677083E+01 0.231465588E+01
 0.221103899E+01 0.209606579E+01 0.197005394E+01 0.183348300E+01 0.168708080E+01
 0.153183294E+01 0.136886570E+01 0.119972369E+01 0.102607692E+01 0.849758705E+00
 0.672594326E+00 0.495708174E+00 0.319069276E+00 0.142504172E+00-0.341266234E-01
-0.210986422E+00-0.388236735E+00-0.566038449E+00-0.744375442E+00-0.923247714E+00
 0.300555729E+00 0.352533033E+00 0.407981898E+00 0.467294114E+00 0.530537137E+00
 0.597901709E+00 0.669538587E+00 0.745694631E+00 0.826305543E+00 0.911199877E+00
 0.100000192E+01 0.109228705E+01 0.118758123E+01 0.128531726E+01 0.138486651E+01
 0.148565653E+01 0.158696280E+01 0.168816299E+01 0.178853896E+01 0.188744443E+01
 0.198422016E+01 0.207820388E+01 0.216881490E+01 0.225543848E+01 0.233753905E+01
 0.241455897E+01 0.248604569E+01 0.255151422E+01 0.261051783E+01 0.266264603E+01
 0.270751182E+01 0.274471294E+01 0.277390427E+01 0.279471988E+01 0.280678554E+01
 0.280977933E+01 0.280334259E+01 0.278712467E+01 0.276080064E+01 0.272401994E+01
 0.267647508E+01 0.261788615E+01 0.254800671E+01 0.246663780E+01 0.237366152E+01
 0.226908209E+01 0.215298962E+01 0.202565772E+01 0.188765000E+01 0.173944724E+01
 0.158224953E+01 0.141701507E+01 0.124527967E+01 0.106882954E+01 0.889417677E+00
 0.708984765E+00 0.528952424E+00 0.349435587E+00 0.170236966E+00-0.878894021E-02
-0.187835752E+00-0.367028729E+00-0.546434068E+00-0.726185249E+00-0.906582086E+00
 0.325357107E+00 0.378500200E+00 0.435287962E+00 0.496012697E+00 0.560757538E+00
 0.629781622E+00 0.703236197E+00 0.781323182E+00 0.863905894E+00 0.950740862E+00
 0.104145821E+01 0.113549826E+01 0.123258478E+01 0.133188831E+01 0.143291973E+01
 0.153503348E+01 0.163753933E+01 0.173974258E+01 0.184099429E+01 0.194060150E+01
 0.203794092E+01 0.213234560E+01 0.222321794E+01 0.230999863E+01 0.239212649E+01
 0.246907159E+01 0.254040134E+01 0.260561776E+01 0.266431353E+01 0.271608184E+01
 0.276053833E+01 0.279731567E+01 0.282605770E+01 0.284639604E+01 0.285800711E+01
 0.286053676E+01 0.285364275E+01 0.283697537E+01 0.281019118E+01 0.277295642E+01
 0.272495752E+01 0.266589818E+01 0.259550648E+01 0.251358145E+01 0.241999473E+01
 0.231470866E+01 0.219780923E+01 0.206955106E+01 0.193040184E+01 0.178098782E+01
 0.162221927E+01 0.145530451E+01 0.128163613E+01 0.110301547E+01 0.921206885E+00
 0.738245145E+00 0.555697662E+00 0.373890040E+00 0.192617737E+00 0.116892785E-01
-0.169061910E+00-0.349796527E+00-0.530459624E+00-0.711507008E+00-0.892964708E+00
 0.343411971E+00 0.397289225E+00 0.455022991E+00 0.516733142E+00 0.582604497E+00
 0.652833600E+00 0.727642231E+00 0.807134949E+00 0.891148154E+00 0.979370461E+00
 0.107143430E+01 0.116683069E+01 0.126505497E+01 0.136552025E+01 0.146760139E+01
 0.157065062E+01 0.167397234E+01 0.177692732E+01 0.187873574E+01 0.197884551E+01
 0.207655294E+01 0.217123282E+01 0.226229906E+01 0.234913756E+01 0.243125714E+01
 0.250814680E+01 0.257932906E+01 0.264435954E+01 0.270282498E+01 0.275431565E+01
 0.279847552E+01 0.283494350E+01 0.286335463E+01 0.288338045E+01 0.289465221E+01
 0.289685043E+01 0.288963533E+01 0.287264873E+01 0.284556186E+01 0.280802307E+01
 0.275970540E+01 0.270032237E+01 0.262960062E+01 0.254730845E+01 0.245330519E+01
 0.234754801E+01 0.223010959E+01 0.210121709E+01 0.196129451E+01 0.181099721E+01
 0.165118130E+01 0.148312455E+01 0.130803423E+01 0.112790772E+01 0.944441988E+00
 0.759629464E+00 0.575303862E+00 0.391825618E+00 0.209041240E+00 0.267205285E-01
-0.155264387E+00-0.337079104E+00-0.518970914E+00-0.700914172E+00-0.883022504E+00
 0.354116949E+00 0.408532269E+00 0.466891095E+00 0.529249571E+00 0.595806766E+00
 0.666790582E+00 0.742431490E+00 0.822790628E+00 0.907653616E+00 0.996706012E+00
 0.108956890E+01 0.118575389E+01 0.128472818E+01 0.138585782E+01 0.148856196E+01
 0.159216811E+01 0.169594347E+01 0.179931093E+01 0.190153047E+01 0.200189945E+01
 0.209981043E+01 0.219464599E+01 0.228579133E+01 0.237268730E+01 0.245480095E+01
 0.253163358E+01 0.260272415E+01 0.266763719E+01 0.272594899E+01 0.277728364E+01
 0.282126955E+01 0.285753341E+01 0.288574791E+01 0.290557758E+01 0.291665748E+01
 0.291866017E+01 0.291124902E+01 0.289407907E+01 0.286680952E+01 0.282909260E+01
 0.278060768E+01 0.272103480E+01 0.265011041E+01 0.256760844E+01 0.247337445E+01
 0.236734167E+01 0.224959694E+01 0.212031435E+01 0.197998984E+01 0.182914543E+01
 0.166874209E+01 0.149992224E+01 0.132414833E+01 0.114300403E+01 0.958538847E+00
 0.772668867E+00 0.587249184E+00 0.402774251E+00 0.219060884E+00 0.359033393E-01
-0.146865447E+00-0.329396370E+00-0.511745390E+00-0.694164120E+00-0.876771564E+00
 0.357722681E+00 0.412267446E+00 0.470825941E+00 0.533409328E+00 0.600218502E+00
 0.671456103E+00 0.747386381E+00 0.828019925E+00 0.913167652E+00 0.100251693E+01
 0.109564434E+01 0.119210159E+01 0.129127300E+01 0.139266925E+01 0.149557243E+01
 0.159935051E+01 0.170331633E+01 0.180680126E+01 0.190910332E+01 0.200961674E+01
 0.210756009E+01 0.220247978E+01 0.229363148E+01 0.238054157E+01 0.246265703E+01
 0.253947765E+01 0.261052612E+01 0.267539565E+01 0.273366000E+01 0.278493501E+01
 0.282886741E+01 0.286505486E+01 0.289324018E+01 0.291295274E+01 0.292399425E+01
 0.292593837E+01 0.291845611E+01 0.290122566E+01 0.287389543E+01 0.283611818E+01
 0.278756810E+01 0.272794504E+01 0.265695604E+01 0.257438197E+01 0.248007095E+01
 0.237395825E+01 0.225609899E+01 0.212671496E+01 0.198619738E+01 0.183525906E+01
 0.167460632E+01 0.150557096E+01 0.132948908E+01 0.114807492E+01 0.963247291E+00
 0.777051404E+00 0.591258495E+00 0.406439461E+00 0.222420674E+00 0.389997588E-01
-0.144017041E+00-0.326771960E+00-0.509282285E+00-0.691864076E+00-0.874666128E+00
 0.354199926E+00 0.408550291E+00 0.466879602E+00 0.529227918E+00 0.595787739E+00
 0.666781988E+00 0.742430069E+00 0.822778843E+00 0.907648801E+00 0.996717258E+00
 0.108957330E+01 0.118575892E+01 0.128472211E+01 0.138586737E+01 0.148855642E+01
 0.159216349E+01 0.169596102E+01 0.179930159E+01 0.190150440E+01 0.200189449E+01
 0.209982461E+01 0.219464166E+01 0.228578814E+01 0.237269429E+01 0.245478677E+01
 0.253164811E+01 0.260270695E+01 0.266763247E+01 0.272594954E+01 0.277728416E+01
 0.282125981E+01 0.285753116E+01 0.288574755E+01 0.290556327E+01 0.291664802E+01
 0.291865920E+01 0.291124889E+01 0.289407109E+01 0.286679396E+01 0.282908793E+01
 0.278059217E+01 0.272102041E+01 0.265009553E+01 0.256759874E+01 0.247336260E+01
 0.236732824E+01 0.224957988E+01 0.212031280E+01 0.197994585E+01 0.182913607E+01
 0.166875795E+01 0.149991984E+01 0.132402806E+01 0.114307566E+01 0.958470628E+00
 0.772653656E+00 0.587232872E+00 0.402746076E+00 0.219034789E+00 0.358833807E-01
-0.146886504E+00-0.329416574E+00-0.511761567E+00-0.694174797E+00-0.876775057E+00
 0.343350006E+00 0.397141975E+00 0.454961525E+00 0.516717709E+00 0.582581881E+00
 0.652829323E+00 0.727647040E+00 0.807140196E+00 0.891150332E+00 0.979364563E+00
 0.107141909E+01 0.116683212E+01 0.126505709E+01 0.136552738E+01 0.146760917E+01
 0.157064679E+01 0.167395490E+01 0.177689554E+01 0.187874489E+01 0.197885105E+01
 0.207655806E+01 0.217122460E+01 0.226228217E+01 0.234913481E+01 0.243126214E+01
 0.250814423E+01 0.257931732E+01 0.264434230E+01 0.270280113E+01 0.275430994E+01
 0.279846520E+01 0.283493724E+01 0.286333351E+01 0.288335536E+01 0.289465329E+01
 0.289682438E+01 0.288961883E+01 0.287263422E+01 0.284555065E+01 0.280798720E+01
 0.275968874E+01 0.270030354E+01 0.262957278E+01 0.254728054E+01 0.245327828E+01
 0.234752228E+01 0.223007986E+01 0.210118252E+01 0.196127339E+01 0.181090586E+01
 0.165120388E+01 0.148304092E+01 0.130803065E+01 0.112784010E+01 0.944391932E+00
 0.759590067E+00 0.575258514E+00 0.391778938E+00 0.209002925E+00 0.266779435E-01
-0.155310982E+00-0.337128393E+00-0.518966231E+00-0.700847602E+00-0.883008873E+00
 0.325619239E+00 0.378489897E+00 0.435297932E+00 0.496024628E+00 0.560756344E+00
 0.629774318E+00 0.703243871E+00 0.781326824E+00 0.863901776E+00 0.950736173E+00
 0.104143973E+01 0.113554006E+01 0.123255272E+01 0.133187829E+01 0.143292779E+01
 0.153503174E+01 0.163753239E+01 0.173972391E+01 0.184099640E+01 0.194060880E+01
 0.203794569E+01 0.213232193E+01 0.222322939E+01 0.230997661E+01 0.239210467E+01
 0.246908486E+01 0.254036964E+01 0.260560455E+01 0.266429206E+01 0.271605527E+01
 0.276052129E+01 0.279729100E+01 0.282602418E+01 0.284638422E+01 0.285798904E+01
 0.286051340E+01 0.285361904E+01 0.283694060E+01 0.281015690E+01 0.277293066E+01
 0.272492713E+01 0.266586145E+01 0.259546868E+01 0.251354326E+01 0.241995118E+01
 0.231467002E+01 0.219776269E+01 0.206952301E+01 0.193034657E+01 0.178092299E+01
 0.162217341E+01 0.145525155E+01 0.128158969E+01 0.110291789E+01 0.921123022E+00
 0.738181957E+00 0.555654691E+00 0.373838454E+00 0.192567645E+00 0.116296467E-01
-0.169128703E+00-0.349883595E+00-0.530427670E+00-0.711416899E+00-0.892899225E+00
 0.300785140E+00 0.352651977E+00 0.408061149E+00 0.467333880E+00 0.530550731E+00
 0.597900409E+00 0.669553053E+00 0.745693771E+00 0.826308416E+00 0.911197078E+00
 0.100000088E+01 0.109230096E+01 0.118757742E+01 0.128532388E+01 0.138487025E+01
 0.148563340E+01 0.158695101E+01 0.168815107E+01 0.178852734E+01 0.188743482E+01
 0.198421100E+01 0.207820015E+01 0.216878871E+01 0.225541508E+01 0.233751337E+01
 0.241455727E+01 0.248603618E+01 0.255148150E+01 0.261049998E+01 0.266263173E+01
 0.270748048E+01 0.274468389E+01 0.277387146E+01 0.279468703E+01 0.280675831E+01
 0.280975037E+01 0.280331273E+01 0.278708886E+01 0.276075472E+01 0.272397155E+01
 0.267642996E+01 0.261783838E+01 0.254796097E+01 0.246658318E+01 0.237360435E+01
 0.226902365E+01 0.215293465E+01 0.202562648E+01 0.188755479E+01 0.173941355E+01
 0.158215758E+01 0.141696316E+01 0.124521620E+01 0.106877917E+01 0.889379050E+00
 0.708900146E+00 0.528896937E+00 0.349373613E+00 0.170173598E+00-0.885497088E-02
-0.187902704E+00-0.367065871E+00-0.546488172E+00-0.726408307E+00-0.906814586E+00
 0.269160111E+00 0.319557202E+00 0.373326443E+00 0.430878695E+00 0.492229470E+00
 0.557545822E+00 0.627011585E+00 0.700745887E+00 0.778884652E+00 0.861300531E+00
 0.947679929E+00 0.103763395E+01 0.113068753E+01 0.122635126E+01 0.132399763E+01
 0.142300202E+01 0.152277062E+01 0.162258447E+01 0.172178596E+01 0.181974144E+01
 0.191573599E+01 0.200912508E+01 0.209933011E+01 0.218571734E+01 0.226772280E+01
 0.234480970E+01 0.241646309E+01 0.248220024E+01 0.254158374E+01 0.259414256E+01
 0.263949379E+01 0.267724284E+01 0.270700254E+01 0.272839311E+01 0.274107374E+01
 0.274466616E+01 0.273883614E+01 0.272322620E+01 0.269749173E+01 0.266133002E+01
 0.261441663E+01 0.255649021E+01 0.248730969E+01 0.240671725E+01 0.231458950E+01
 0.221097601E+01 0.209600339E+01 0.196996625E+01 0.183342842E+01 0.168701981E+01
 0.153172580E+01 0.136880675E+01 0.119958867E+01 0.102610110E+01 0.849654202E+00
 0.672514807E+00 0.495636259E+00 0.318988648E+00 0.142428685E+00-0.342051225E-01
-0.211055532E+00-0.388121269E+00-0.565764026E+00-0.744174022E+00-0.923411533E+00
 0.230780617E+00 0.279395219E+00 0.331356387E+00 0.386885345E+00 0.446104519E+00
 0.509113590E+00 0.576065402E+00 0.647083934E+00 0.722296153E+00 0.801735000E+00
 0.885175247E+00 0.972304245E+00 0.106260345E+01 0.115572304E+01 0.125096698E+01
 0.134780869E+01 0.144557195E+01 0.154367512E+01 0.164139937E+01 0.173804875E+01
 0.183303090E+01 0.192565134E+01 0.201528783E+01 0.210127750E+01 0.218311991E+01
 0.226019292E+01 0.233201135E+01 0.239803407E+01 0.245780875E+01 0.251085825E+01
 0.255679143E+01 0.259518954E+01 0.262560143E+01 0.264773404E+01 0.266113342E+01
 0.266549915E+01 0.266042448E+01 0.264559315E+01 0.262065739E+01 0.258529099E+01
 0.253922167E+01 0.248217546E+01 0.241393440E+01 0.233436262E+01 0.224338450E+01
 0.214106714E+01 0.202758095E+01 0.190323810E+01 0.176861701E+01 0.162441772E+01
 0.147169929E+01 0.131164707E+01 0.114572671E+01 0.975581045E+00 0.803112100E+00
 0.629870265E+00 0.456725324E+00 0.283495963E+00 0.110057170E+00-0.637313308E-01
-0.238010035E+00-0.412674278E+00-0.588275299E+00-0.764886473E+00-0.942365389E+00
 0.185841172E+00 0.232495397E+00 0.282469293E+00 0.335736165E+00 0.392570905E+00
 0.453021235E+00 0.517230627E+00 0.585273746E+00 0.657285030E+00 0.733328370E+00
 0.813369813E+00 0.897138137E+00 0.984283281E+00 0.107429804E+01 0.116667055E+01
 0.126089912E+01 0.135628491E+01 0.145222232E+01 0.154807748E+01 0.164318451E+01
 0.173684087E+01 0.182839971E+01 0.191726629E+01 0.200272755E+01 0.208424054E+01
 0.216122925E+01 0.223313643E+01 0.229943545E+01 0.235957809E+01 0.241320397E+01
 0.245975002E+01 0.249884946E+01 0.253008737E+01 0.255303422E+01 0.256732628E+01
 0.257258898E+01 0.256846346E+01 0.255459187E+01 0.253065678E+01 0.249629976E+01
 0.245131791E+01 0.239540536E+01 0.232839136E+01 0.225016816E+01 0.216067687E+01
 0.206003174E+01 0.194840003E+01 0.182623968E+01 0.169406466E+01 0.155267135E+01
 0.140306217E+01 0.124653108E+01 0.108447906E+01 0.918620026E+00 0.750680040E+00
 0.582022166E+00 0.413132494E+00 0.243820887E+00 0.740074226E-01-0.965579604E-01
-0.267851450E+00-0.440155736E+00-0.613547931E+00-0.787948370E+00-0.963357051E+00
 0.134775837E+00 0.179240627E+00 0.226875395E+00 0.277681176E+00 0.331923281E+00
 0.389655333E+00 0.450950933E+00 0.515896644E+00 0.584542354E+00 0.656971197E+00
 0.733234244E+00 0.813231177E+00 0.896676662E+00 0.983188326E+00 0.107225808E+01
 0.116332748E+01 0.125591055E+01 0.134931061E+01 0.144291577E+01 0.153604973E+01
 0.162807959E+01 0.171830511E+01 0.180610928E+01 0.189084245E+01 0.197188838E+01
 0.204864545E+01 0.212052838E+01 0.218702705E+01 0.224758145E+01 0.230171571E+01
 0.234895807E+01 0.238883771E+01 0.242094673E+01 0.244486492E+01 0.246019662E+01
 0.246652048E+01 0.246352180E+01 0.245081018E+01 0.242809570E+01 0.239504129E+01
 0.235139412E+01 0.229693300E+01 0.223148022E+01 0.215496355E+01 0.206734132E+01
 0.196880561E+01 0.185955318E+01 0.174005292E+01 0.161086951E+01 0.147289454E+01
 0.132708147E+01 0.117474752E+01 0.101730303E+01 0.856366525E+00 0.693636091E+00
 0.530145006E+00 0.365980089E+00 0.201039883E+00 0.351784196E-01-0.131664227E+00
-0.299528614E+00-0.468778495E+00-0.639556093E+00-0.811700779E+00-0.984844291E+00
 0.773604287E-01 0.119486209E+00 0.164642462E+00 0.212940037E+00 0.264430666E+00
 0.319362128E+00 0.377676867E+00 0.439430393E+00 0.504677600E+00 0.573463690E+00
 0.645802960E+00 0.721706851E+00 0.801075141E+00 0.883618101E+00 0.968910037E+00
 0.105644676E+01 0.114574428E+01 0.123616877E+01 0.132708364E+01 0.141789112E+01
 0.150791788E+01 0.159650476E+01 0.168293879E+01 0.176669811E+01 0.184704553E+01
 0.192337645E+01 0.199514908E+01 0.206174080E+01 0.212263663E+01 0.217728915E+01
 0.222522922E+01 0.226594835E+01 0.229901380E+01 0.232399637E+01 0.234050513E+01
 0.234807416E+01 0.234640053E+01 0.233510616E+01 0.231386522E+01 0.228237944E+01
 0.224040055E+01 0.218773896E+01 0.212422672E+01 0.204982275E+01 0.196456743E+01
 0.186861307E+01 0.176227232E+01 0.164601543E+01 0.152047903E+01 0.138650747E+01
 0.124513234E+01 0.109772511E+01 0.945617312E+00 0.790389538E+00 0.633442720E+00
 0.475498173E+00 0.316464434E+00 0.156251496E+00-0.526135225E-02-0.168161726E+00
-0.332422940E+00-0.498423618E+00-0.666175029E+00-0.835635663E+00-0.100688984E+01
 0.137165519E-01 0.534516269E-01 0.961575171E-01 0.141831181E+00 0.190463261E+00
 0.242496346E+00 0.297796085E+00 0.356357370E+00 0.418200527E+00 0.483385565E+00
 0.551877874E+00 0.623681607E+00 0.698742026E+00 0.776978112E+00 0.858102799E+00
 0.941719188E+00 0.102728980E+01 0.111429779E+01 0.120210850E+01 0.129018733E+01
 0.137783205E+01 0.146437674E+01 0.154920182E+01 0.163164361E+01 0.171105198E+01
 0.178676200E+01 0.185820790E+01 0.192481622E+01 0.198590556E+01 0.204104867E+01
 0.208967237E+01 0.213127385E+01 0.216537878E+01 0.219153732E+01 0.220933703E+01
 0.221836187E+01 0.221823386E+01 0.220857336E+01 0.218909521E+01 0.215950534E+01
 0.211954778E+01 0.206906550E+01 0.200793725E+01 0.193614613E+01 0.185375096E+01
 0.176092657E+01 0.165809469E+01 0.154569676E+01 0.142440077E+01 0.129516932E+01
 0.115897471E+01 0.101721601E+01 0.871050502E+00 0.722157475E+00 0.571557652E+00
 0.419522805E+00 0.265940030E+00 0.110768832E+00-0.461651515E-01-0.204895660E+00
-0.365465323E+00-0.527861034E+00-0.692385397E+00-0.858831395E+00-0.102759379E+01
-0.559593248E-01-0.188227778E-01 0.212783402E-01 0.642974325E-01 0.110271470E+00
 0.159404916E+00 0.211615720E+00 0.267004196E+00 0.325556346E+00 0.387230020E+00
 0.452044377E+00 0.519918783E+00 0.590833772E+00 0.664685797E+00 0.741388306E+00
 0.820684147E+00 0.902174984E+00 0.985394857E+00 0.106973980E+01 0.115466686E+01
 0.123954644E+01 0.132372272E+01 0.140654454E+01 0.148737100E+01 0.156553791E+01
 0.164040972E+01 0.171136771E+01 0.177772975E+01 0.183897731E+01 0.189450023E+01
 0.194376349E+01 0.198626152E+01 0.202147009E+01 0.204892240E+01 0.206815503E+01
 0.207880201E+01 0.208044151E+01 0.207271443E+01 0.205531182E+01 0.202794055E+01
 0.199040435E+01 0.194255340E+01 0.188428758E+01 0.181553389E+01 0.173657805E+01
 0.164751535E+01 0.154879684E+01 0.144091833E+01 0.132458792E+01 0.120077189E+01
 0.107045724E+01 0.934942397E+00 0.795504336E+00 0.653462462E+00 0.509478598E+00
 0.363610690E+00 0.215751714E+00 0.658126760E-01-0.861923734E-01-0.240254836E+00
-0.396927749E+00-0.555793748E+00-0.716798505E+00-0.880285980E+00-0.104641278E+01
-0.131617959E+00-0.971207562E-01-0.597210937E-01-0.194171636E-01 0.237890256E-01
 0.700881576E-01 0.119389674E+00 0.171683649E+00 0.227028246E+00 0.285402991E+00
 0.346718662E+00 0.410944833E+00 0.477998223E+00 0.547778187E+00 0.620207756E+00
 0.695084385E+00 0.772258711E+00 0.851325650E+00 0.931867888E+00 0.101329327E+01
 0.109504773E+01 0.117644507E+01 0.125699700E+01 0.133580575E+01 0.141247005E+01
 0.148623975E+01 0.155645791E+01 0.162246953E+01 0.168367058E+01 0.173950984E+01
 0.178938927E+01 0.183274940E+01 0.186910532E+01 0.189794123E+01 0.191877065E+01
 0.193123345E+01 0.193488179E+01 0.192934811E+01 0.191435166E+01 0.188958781E+01
 0.185489172E+01 0.181011244E+01 0.175519264E+01 0.169014490E+01 0.161511100E+01
 0.153043219E+01 0.143647545E+01 0.133376732E+01 0.122308638E+01 0.110535822E+01
 0.981568243E+00 0.852945272E+00 0.720770946E+00 0.585947937E+00 0.448794773E+00
 0.309223238E+00 0.167248455E+00 0.227568186E-01-0.124235031E+00-0.273729747E+00
-0.426010203E+00-0.581076397E+00-0.738970049E+00-0.899584732E+00-0.106286721E+01
-0.213339201E+00-0.181557333E+00-0.146871401E+00-0.109281405E+00-0.688067923E-01
-0.253079127E-01 0.211372572E-01 0.705287174E-01 0.122887119E+00 0.178136727E+00
 0.236238816E+00 0.297114603E+00 0.360665500E+00 0.426800716E+00 0.495376827E+00
 0.566223604E+00 0.639186665E+00 0.714030443E+00 0.790519182E+00 0.868195642E+00
 0.946475326E+00 0.102486224E+01 0.110268935E+01 0.117934900E+01 0.125421622E+01
 0.132656811E+01 0.139577703E+01 0.146121871E+01 0.152230526E+01 0.157834124E+01
 0.162874164E+01 0.167296794E+01 0.171050397E+01 0.174080728E+01 0.176338857E+01
 0.177779997E+01 0.178371720E+01 0.178070229E+01 0.176841220E+01 0.174665178E+01
 0.171523590E+01 0.167401259E+01 0.162293186E+01 0.156211316E+01 0.149166393E+01
 0.141195802E+01 0.132336109E+01 0.122644393E+01 0.112212427E+01 0.101108214E+01
 0.894397338E+00 0.773285987E+00 0.648719895E+00 0.521280696E+00 0.391026359E+00
 0.257875239E+00 0.121858190E+00-0.171022962E-01-0.159057936E+00-0.303855955E+00
-0.451515640E+00-0.602465432E+00-0.756705332E+00-0.914140836E+00-0.107423511E+01
-0.301351789E+00-0.272223233E+00-0.240245490E+00-0.205361053E+00-0.167515805E+00
-0.126683760E+00-0.829583998E-01-0.362867496E-01 0.133112181E-01 0.656788991E-01
 0.120792844E+00 0.178674546E+00 0.239137129E+00 0.302062572E+00 0.367306448E+00
 0.434676087E+00 0.504004664E+00 0.575073278E+00 0.647663218E+00 0.721478072E+00
 0.796191403E+00 0.871290134E+00 0.946210164E+00 0.102042295E+01 0.109320172E+01
 0.116392644E+01 0.123197018E+01 0.129671104E+01 0.135738990E+01 0.141354261E+01
 0.146441302E+01 0.150951242E+01 0.154825925E+01 0.158009032E+01 0.160451873E+01
 0.162115536E+01 0.162952406E+01 0.162927421E+01 0.162008612E+01 0.160173736E+01
 0.157401751E+01 0.153679091E+01 0.149013166E+01 0.143403174E+01 0.136876252E+01
 0.129456331E+01 0.121196827E+01 0.112152121E+01 0.102398183E+01 0.920201242E+00
 0.811169417E+00 0.697931398E+00 0.581159600E+00 0.461072965E+00 0.337674460E+00
 0.210994660E+00 0.809496780E-01-0.523958619E-01-0.188815673E+00-0.328832114E+00
-0.472421482E+00-0.619335848E+00-0.769540321E+00-0.923381210E+00-0.108051801E+01
-0.395704673E+00-0.369247545E+00-0.339977094E+00-0.307673768E+00-0.272435955E+00
-0.234190613E+00-0.192945959E+00-0.148830414E+00-0.101854922E+00-0.521089930E-01
 0.407374155E-03 0.556941791E-01 0.113545084E+00 0.173785940E+00 0.236197659E+00
 0.300700404E+00 0.367052837E+00 0.435034212E+00 0.504414850E+00 0.574918405E+00
 0.646239845E+00 0.718063733E+00 0.790020171E+00 0.861567508E+00 0.932118622E+00
 0.100105575E+01 0.106778740E+01 0.113158602E+01 0.119186499E+01 0.124796097E+01
 0.129927024E+01 0.134520944E+01 0.138518358E+01 0.141865310E+01 0.144510416E+01
 0.146409683E+01 0.147517964E+01 0.147796981E+01 0.147221341E+01 0.145760640E+01
 0.143399397E+01 0.140128999E+01 0.135947694E+01 0.130864247E+01 0.124900675E+01
 0.118097280E+01 0.110482846E+01 0.102130031E+01 0.931094297E+00 0.835012287E+00
 0.733962313E+00 0.628713537E+00 0.519655890E+00 0.406826501E+00 0.290248930E+00
 0.169945219E+00 0.459550101E-01-0.817377214E-01-0.213301759E+00-0.348568109E+00
-0.487536771E+00-0.630207745E+00-0.776581032E+00-0.926968529E+00-0.108150460E+01
-0.496957714E+00-0.473136586E+00-0.446269923E+00-0.416354218E+00-0.383436849E+00
-0.347555951E+00-0.308812927E+00-0.267497977E+00-0.222938088E+00-0.175150054E+00
-0.124629163E+00-0.713754133E-01-0.155972243E-01 0.421029330E-01 0.102261979E+00
 0.164462381E+00 0.228486973E+00 0.294102788E+00 0.361058802E+00 0.429070777E+00
 0.497839811E+00 0.567048638E+00 0.636332400E+00 0.705340862E+00 0.773673754E+00
 0.840773378E+00 0.906044481E+00 0.968865913E+00 0.102863085E+01 0.108467386E+01
 0.113638653E+01 0.118316986E+01 0.122444585E+01 0.125959967E+01 0.128820161E+01
 0.130970933E+01 0.132370679E+01 0.132986522E+01 0.132779315E+01 0.131729716E+01
 0.129819425E+01 0.127036201E+01 0.123382801E+01 0.118870438E+01 0.113519484E+01
 0.107363083E+01 0.100445588E+01 0.928255412E+00 0.845727781E+00 0.757576062E+00
 0.664632989E+00 0.567308182E+00 0.465750277E+00 0.359990546E+00 0.250094681E+00
 0.136079176E+00 0.180479841E-01-0.103902011E+00-0.230175930E+00-0.360778494E+00
-0.495449477E+00-0.633822772E+00-0.776078907E+00-0.922895165E+00-0.107433617E+01
-0.605348922E+00-0.584071418E+00-0.559748495E+00-0.532380038E+00-0.501785427E+00
-0.468224973E+00-0.431745631E+00-0.391831360E+00-0.349071256E+00-0.303330685E+00
-0.254659907E+00-0.203256271E+00-0.149151340E+00-0.928481916E-01-0.344452352E-01
 0.258707376E-01 0.882669038E-01 0.152306809E+00 0.217659270E+00 0.284057543E+00
 0.351205689E+00 0.418707295E+00 0.486266216E+00 0.553532569E+00 0.620109563E+00
 0.685584205E+00 0.749549936E+00 0.811416877E+00 0.870702219E+00 0.926675791E+00
 0.978819442E+00 0.102648104E+01 0.106907765E+01 0.110607535E+01 0.113695168E+01
 0.116114868E+01 0.117830244E+01 0.118801932E+01 0.118994056E+01 0.118383644E+01
 0.116954940E+01 0.114695497E+01 0.111607898E+01 0.107701365E+01 0.102992606E+01
 0.975264011E+00 0.913291645E+00 0.844674028E+00 0.769968716E+00 0.689877248E+00
 0.604880421E+00 0.515172138E+00 0.420832578E+00 0.321933835E+00 0.218515176E+00
 0.110616674E+00-0.154165592E-02-0.118484543E+00-0.239740877E+00-0.365264454E+00
-0.495055273E+00-0.629235940E+00-0.767727918E+00-0.910987399E+00-0.105887160E+01
-0.721105119E+00-0.702389736E+00-0.680450095E+00-0.655625378E+00-0.627481688E+00
-0.596179517E+00-0.561400200E+00-0.523055450E+00-0.481496883E+00-0.437040199E+00
-0.389778062E+00-0.340224540E+00-0.287652205E+00-0.232143492E+00-0.174619342E+00
-0.115113456E+00-0.536910663E-01 0.964782701E-02 0.742773237E-01 0.139889321E+00
 0.206297625E+00 0.273076171E+00 0.339921577E+00 0.406465716E+00 0.472336064E+00
 0.537096220E+00 0.600379320E+00 0.661712921E+00 0.720684890E+00 0.776806047E+00
 0.829496656E+00 0.878122214E+00 0.922216523E+00 0.961167632E+00 0.994413431E+00
 0.102149257E+01 0.104198397E+01 0.105546584E+01 0.106160669E+01 0.106016569E+01
 0.105093612E+01 0.103386804E+01 0.100887601E+01 0.976110908E+00 0.935769085E+00
 0.888100738E+00 0.833536350E+00 0.772530054E+00 0.705683259E+00 0.633445269E+00
 0.556059488E+00 0.473611797E+00 0.386207917E+00 0.293898935E+00 0.196777983E+00
 0.950712764E-01-0.115391424E-01-0.123061811E+00-0.239546692E+00-0.360329597E+00
-0.485413491E+00-0.615479124E+00-0.750708099E+00-0.890538053E+00-0.103503061E+01
-0.844342781E+00-0.828323202E+00-0.808960795E+00-0.786258688E+00-0.760478867E+00
-0.730910466E+00-0.697776634E+00-0.661077369E+00-0.620811970E+00-0.577558070E+00
-0.531404806E+00-0.482352178E+00-0.429967887E+00-0.375142730E+00-0.318014345E+00
-0.258582731E+00-0.196847888E+00-0.133519278E+00-0.690118126E-01-0.330923358E-02
 0.631245422E-01 0.130092121E+00 0.197197055E+00 0.264123554E+00 0.330327697E+00
 0.395498258E+00 0.459208790E+00 0.521029312E+00 0.580532239E+00 0.637297126E+00
 0.690850292E+00 0.740787578E+00 0.786502652E+00 0.827565302E+00 0.863392670E+00
 0.893555711E+00 0.917516907E+00 0.934972638E+00 0.945518046E+00 0.948945553E+00
 0.944996914E+00 0.933574517E+00 0.914672817E+00 0.888348051E+00 0.854753074E+00
 0.814211839E+00 0.766976905E+00 0.713567294E+00 0.654337540E+00 0.589567737E+00
 0.519354904E+00 0.443798810E+00 0.362967257E+00 0.276978521E+00 0.185953243E+00
 0.898720134E-01-0.113343680E-01-0.117665901E+00-0.228779077E+00-0.344805178E+00
-0.465534080E+00-0.591510907E+00-0.722735657E+00-0.859165763E+00-0.100037041E+01
-0.976570967E+00-0.963109193E+00-0.946303522E+00-0.925986220E+00-0.901382544E+00
-0.873130130E+00-0.841355960E+00-0.806060035E+00-0.767111384E+00-0.724619690E+00
-0.678738167E+00-0.629964943E+00-0.578076709E+00-0.522820299E+00-0.465149759E+00
-0.405175990E+00-0.342952353E+00-0.278833461E+00-0.212957509E+00-0.146089152E+00
-0.783265089E-01-0.102448259E-01 0.580582238E-01 0.126340917E+00 0.194038892E+00
 0.260724962E+00 0.325967903E+00 0.389373168E+00 0.450552269E+00 0.509029348E+00
 0.564381569E+00 0.616238106E+00 0.664066162E+00 0.707583146E+00 0.746272214E+00
 0.779661692E+00 0.807329432E+00 0.828914059E+00 0.844057635E+00 0.852424899E+00
 0.853863922E+00 0.848233794E+00 0.835444936E+00 0.815602808E+00 0.788767435E+00
 0.755219756E+00 0.715210843E+00 0.669078279E+00 0.617057235E+00 0.559249858E+00
 0.495784987E+00 0.426748215E+00 0.352188349E+00 0.272244569E+00 0.186811150E+00
 0.959990339E-01 0.882675023E-04-0.100921149E+00-0.207349513E+00-0.318867276E+00
-0.435479603E+00-0.557371889E+00-0.684507832E+00-0.816891699E+00-0.954608935E+00
-0.111879698E+01-0.110796169E+01-0.109357933E+01-0.107501538E+01-0.105218185E+01
-0.102521596E+01-0.994691121E+00-0.960320121E+00-0.921571212E+00-0.879261911E+00
-0.833402275E+00-0.783950390E+00-0.731058667E+00-0.674727108E+00-0.616006214E+00
-0.555254274E+00-0.491382324E+00-0.425645111E+00-0.358066762E+00-0.288767583E+00
-0.218720085E+00-0.148400652E+00-0.776398904E-01-0.643950706E-02 0.632801805E-01
 0.132604973E+00 0.200520797E+00 0.266676598E+00 0.330574435E+00 0.391874458E+00
 0.450105281E+00 0.504922494E+00 0.555872826E+00 0.602534385E+00 0.644565972E+00
 0.681583814E+00 0.713220942E+00 0.739114576E+00 0.758960764E+00 0.772418357E+00
 0.779322637E+00 0.779480769E+00 0.772805083E+00 0.759335784E+00 0.739127860E+00
 0.712355218E+00 0.679247381E+00 0.639977267E+00 0.594659725E+00 0.543379160E+00
 0.486265649E+00 0.423305502E+00 0.354746411E+00 0.280492504E+00 0.200668160E+00
 0.115061739E+00 0.242774386E-01-0.720256283E-01-0.173755455E+00-0.281036924E+00
-0.393754790E+00-0.511771012E+00-0.635085590E+00-0.763698523E+00-0.897698391E+00
-0.127086081E+01-0.126310124E+01-0.125079493E+01-0.123390043E+01-0.121269238E+01
-0.118723909E+01-0.115745710E+01-0.112329072E+01-0.108473995E+01-0.104180258E+01
-0.994788984E+00-0.944376460E+00-0.890310813E+00-0.832592044E+00-0.771357478E+00
-0.708716843E+00-0.642806243E+00-0.574573600E+00-0.504009587E+00-0.431292498E+00
-0.357840513E+00-0.283928280E+00-0.209673798E+00-0.135722313E+00-0.616039853E-01
 0.115199566E-01 0.830220610E-01 0.152808939E+00 0.220531140E+00 0.285690740E+00
 0.347900613E+00 0.406693472E+00 0.461668475E+00 0.512455040E+00 0.558714602E+00
 0.600047781E+00 0.636141935E+00 0.666712472E+00 0.691463582E+00 0.710127886E+00
 0.722524956E+00 0.728444063E+00 0.727798120E+00 0.720546296E+00 0.706723427E+00
 0.686438274E+00 0.659820903E+00 0.626935074E+00 0.587874968E+00 0.542723261E+00
 0.491489478E+00 0.434363666E+00 0.371234633E+00 0.302343870E+00 0.227733910E+00
 0.147317751E+00 0.612968800E-01-0.302706376E-01-0.127503819E+00-0.230459021E+00
-0.339214202E+00-0.453335964E+00-0.572756082E+00-0.697910576E+00-0.828685100E+00
-0.143542464E+01-0.142990157E+01-0.141979031E+01-0.140499961E+01-0.138500124E+01
-0.135984931E+01-0.133021517E+01-0.129618607E+01-0.125714452E+01-0.121346825E+01
-0.116574992E+01-0.111299645E+01-0.105658985E+01-0.996530135E+00-0.934019855E+00
-0.867442527E+00-0.796636064E+00-0.724008108E+00-0.649845065E+00-0.573421560E+00
-0.495833648E+00-0.418057823E+00-0.339376637E+00-0.260445909E+00-0.181265636E+00
-0.103462406E+00-0.267789806E-01 0.480771953E-01 0.120525863E+00 0.190484302E+00
 0.257715587E+00 0.321422078E+00 0.381507371E+00 0.437242738E+00 0.488520590E+00
 0.534940567E+00 0.576181647E+00 0.611958816E+00 0.642011762E+00 0.666124055E+00
 0.684087765E+00 0.695767143E+00 0.701034388E+00 0.699817766E+00 0.692127629E+00
 0.677981122E+00 0.657425104E+00 0.630533613E+00 0.597336004E+00 0.557895183E+00
 0.512267885E+00 0.460532463E+00 0.402730823E+00 0.338936164E+00 0.269191720E+00
 0.193520531E+00 0.112004637E+00 0.246836667E-01-0.684567931E-01-0.167296152E+00
-0.271857837E+00-0.382053857E+00-0.497937617E+00-0.619561475E+00-0.746918517E+00
-0.161271800E+01-0.160992454E+01-0.160185576E+01-0.158851166E+01-0.156989223E+01
-0.154565311E+01-0.151629014E+01-0.148178651E+01-0.144152802E+01-0.139578566E+01
-0.134541080E+01-0.129044509E+01-0.123159254E+01-0.116884851E+01-0.110172302E+01
-0.103027495E+01-0.954511848E+00-0.876416236E+00-0.796785538E+00-0.715619754E+00
-0.633272230E+00-0.549959545E+00-0.465412457E+00-0.380861687E+00-0.296307237E+00
-0.211921057E+00-0.129140256E+00-0.485053286E-01 0.299837257E-01 0.106326907E+00
 0.180094123E+00 0.249836609E+00 0.315492663E+00 0.376921320E+00 0.434032811E+00
 0.486257344E+00 0.533281675E+00 0.574802787E+00 0.610605240E+00 0.640483897E+00
 0.664236599E+00 0.681728102E+00 0.692847767E+00 0.697505913E+00 0.695685355E+00
 0.687363338E+00 0.672553130E+00 0.651285091E+00 0.623599272E+00 0.589531792E+00
 0.549133211E+00 0.502473249E+00 0.449599475E+00 0.390525311E+00 0.325401926E+00
 0.254227781E+00 0.177002157E+00 0.938327257E-01 0.472544454E-02-0.902373482E-01
-0.191044363E+00-0.297711489E+00-0.410123383E+00-0.528291813E+00-0.652342611E+00
-0.180440319E+01-0.180394184E+01-0.179790688E+01-0.178636482E+01-0.176917483E+01
-0.174508392E+01-0.171549628E+01-0.167978282E+01-0.163831449E+01-0.159035429E+01
-0.153707623E+01-0.147898226E+01-0.141489935E+01-0.134661728E+01-0.127446697E+01
-0.119814817E+01-0.111750680E+01-0.103315571E+01-0.948057360E+00-0.860225408E+00
-0.770409175E+00-0.679776239E+00-0.588326602E+00-0.496185498E+00-0.404365554E+00
-0.312533907E+00-0.222056094E+00-0.134164608E+00-0.488329419E-01 0.342608410E-01
 0.114663836E+00 0.191223959E+00 0.263865857E+00 0.332054632E+00 0.395679564E+00
 0.454295249E+00 0.507654390E+00 0.555423731E+00 0.597398792E+00 0.633341909E+00
 0.663096422E+00 0.686503927E+00 0.703465129E+00 0.713902392E+00 0.717753872E+00
 0.715014919E+00 0.705669211E+00 0.689731635E+00 0.667235612E+00 0.638213150E+00
 0.602718064E+00 0.560800077E+00 0.512526658E+00 0.457922054E+00 0.397082973E+00
 0.330047363E+00 0.256860108E+00 0.177585970E+00 0.922714747E-01 0.950235420E-03
-0.963264022E-01-0.199530417E+00-0.308639498E+00-0.423585924E+00-0.544410385E+00
-0.201229643E+01-0.201541544E+01-0.201165065E+01-0.200161083E+01-0.198448902E+01
-0.196025168E+01-0.192921023E+01-0.189190532E+01-0.184833695E+01-0.179802249E+01
-0.174128363E+01-0.167834005E+01-0.160894534E+01-0.153404244E+01-0.145527661E+01
-0.137264785E+01-0.128615615E+01-0.119580152E+01-0.110119222E+01-0.100395138E+01
-0.906075880E+00-0.807632802E+00-0.708458981E+00-0.608468457E+00-0.507661232E+00
-0.406086788E+00-0.307457245E+00-0.211250396E+00-0.117551315E+00-0.262325789E-01
 0.621192080E-01 0.146752416E+00 0.226758296E+00 0.302456144E+00 0.373805439E+00
 0.439548174E+00 0.499814200E+00 0.554319334E+00 0.602811762E+00 0.645127775E+00
 0.681058185E+00 0.710493463E+00 0.733308465E+00 0.749428519E+00 0.758819220E+00
 0.761446699E+00 0.757311173E+00 0.746428693E+00 0.728813523E+00 0.704524892E+00
 0.673592950E+00 0.636083471E+00 0.592063438E+00 0.541585823E+00 0.484721909E+00
 0.421532977E+00 0.352076180E+00 0.276408085E+00 0.194593146E+00 0.106673188E+00
 0.127064170E-01-0.872383953E-01-0.193190693E+00-0.305091876E+00-0.422884617E+00
-0.223847599E+01-0.224550848E+01-0.224449274E+01-0.223520576E+01-0.221764755E+01
-0.219367229E+01-0.216139498E+01-0.212243049E+01-0.207563846E+01-0.202101891E+01
-0.195857181E+01-0.188981931E+01-0.181469373E+01-0.173317001E+01-0.164793966E+01
-0.155790496E+01-0.146219793E+01-0.136081856E+01-0.126003389E+01-0.115291903E+01
-0.104412365E+01-0.934956972E+00-0.825096344E+00-0.714601055E+00-0.603471106E+00
-0.491773134E+00-0.383820673E+00-0.278189583E+00-0.174676043E+00-0.735428470E-01
 0.244474458E-01 0.117580017E+00 0.205980361E+00 0.290043400E+00 0.369290460E+00
 0.442819117E+00 0.510546381E+00 0.572233865E+00 0.627623253E+00 0.676546413E+00
 0.718834690E+00 0.754348217E+00 0.783016490E+00 0.804746192E+00 0.819505522E+00
 0.827286707E+00 0.828092034E+00 0.821994189E+00 0.808942196E+00 0.789062320E+00
 0.762345082E+00 0.728876197E+00 0.688746855E+00 0.642036688E+00 0.588790591E+00
 0.529122840E+00 0.463069975E+00 0.390700362E+00 0.312086766E+00 0.227289561E+00
 0.136382870E+00 0.394331720E-01-0.635812181E-01-0.172618358E+00-0.287535894E+00
-0.248612610E+01-0.249534761E+01-0.249628485E+01-0.248898886E+01-0.247345966E+01
-0.244843529E+01-0.241292542E+01-0.236961069E+01-0.231849010E+01-0.225956364E+01
-0.219283133E+01-0.211653016E+01-0.203315928E+01-0.194520058E+01-0.185014204E+01
-0.174940562E+01-0.164299685E+01-0.153187325E+01-0.141791302E+01-0.129985206E+01
-0.117807900E+01-0.105628097E+01-0.934707470E+00-0.813310399E+00-0.691464641E+00
-0.569321443E+00-0.449370187E+00-0.332095344E+00-0.217634302E+00-0.106630748E+00
 0.126826206E-02 0.104248263E+00 0.202309256E+00 0.295451240E+00 0.383288383E+00
 0.465219478E+00 0.540974113E+00 0.610239041E+00 0.672848845E+00 0.728596628E+00
 0.777306801E+00 0.818984706E+00 0.853462090E+00 0.880668725E+00 0.900604577E+00
 0.913238429E+00 0.918730915E+00 0.917133165E+00 0.908358826E+00 0.892503166E+00
 0.869531065E+00 0.839727820E+00 0.803105314E+00 0.759697671E+00 0.709778680E+00
 0.653239435E+00 0.590236245E+00 0.520862318E+00 0.445106725E+00 0.363051540E+00
 0.274817458E+00 0.180564487E+00 0.802926257E-01-0.259981255E-01-0.138314164E+00
-0.275716479E+01-0.276952932E+01-0.277366063E+01-0.276955872E+01-0.275483878E+01
-0.272819076E+01-0.268960789E+01-0.264166169E+01-0.258591475E+01-0.252069511E+01
-0.244515845E+01-0.235937030E+01-0.226604583E+01-0.216644923E+01-0.206058052E+01
-0.194843969E+01-0.183002674E+01-0.170612311E+01-0.157881548E+01-0.144740713E+01
-0.131198907E+01-0.117696388E+01-0.104216321E+01-0.907587065E+00-0.773121648E+00
-0.638432566E+00-0.505657486E+00-0.375502741E+00-0.247968331E+00-0.126311998E+00
-0.669047411E-02 0.107298099E+00 0.215762126E+00 0.319378367E+00 0.417206499E+00
 0.508197879E+00 0.592487642E+00 0.669803216E+00 0.739809784E+00 0.802363686E+00
 0.857542485E+00 0.905524118E+00 0.945850047E+00 0.978201731E+00 0.100297612E+01
 0.102033225E+01 0.103000818E+01 0.103280693E+01 0.102801779E+01 0.101544992E+01
 0.995693737E+00 0.968921148E+00 0.935275551E+00 0.894813408E+00 0.847693699E+00
 0.794091695E+00 0.733821116E+00 0.666966705E+00 0.593996518E+00 0.514366907E+00
 0.428580133E+00 0.336659771E+00 0.238605823E+00 0.134460950E+00 0.246964663E-01
-0.305731087E+01-0.307477368E+01-0.308186215E+01-0.307738744E+01-0.306098652E+01
-0.303266915E+01-0.299225406E+01-0.294160887E+01-0.287799778E+01-0.280406966E+01
-0.271982453E+01-0.262331435E+01-0.251835197E+01-0.240711748E+01-0.228879895E+01
-0.216086997E+01-0.202594289E+01-0.188892444E+01-0.174377695E+01-0.159714915E+01
-0.144908254E+01-0.129760152E+01-0.114836087E+01-0.997447271E+00-0.846539466E+00
-0.696090706E+00-0.549026364E+00-0.404798821E+00-0.265106990E+00-0.128082121E+00
 0.367415810E-02 0.129439466E+00 0.249880997E+00 0.364780250E+00 0.472827989E+00
 0.573472467E+00 0.665420245E+00 0.751805544E+00 0.829911233E+00 0.899646338E+00
 0.961668846E+00 0.101550707E+01 0.106102998E+01 0.109854175E+01 0.112804239E+01
 0.114967465E+01 0.116359187E+01 0.116968899E+01 0.116796599E+01 0.115842288E+01
 0.114133150E+01 0.111756675E+01 0.108666408E+01 0.104862840E+01 0.100410225E+01
 0.952583881E+00 0.894159328E+00 0.829339426E+00 0.758329724E+00 0.681190139E+00
 0.597552889E+00 0.507772829E+00 0.411837660E+00 0.309760300E+00 0.201810393E+00
-0.338907261E+01-0.341078441E+01-0.342201536E+01-0.341785623E+01-0.340020346E+01
-0.336996089E+01-0.332595870E+01-0.326759026E+01-0.319595616E+01-0.311105639E+01
-0.301700615E+01-0.290771615E+01-0.279133869E+01-0.266517386E+01-0.252922166E+01
-0.238348208E+01-0.223212494E+01-0.207507992E+01-0.191263036E+01-0.174800186E+01
-0.158193455E+01-0.141259643E+01-0.124347263E+01-0.107532519E+01-0.908154099E+00
-0.740966895E+00-0.578466369E+00-0.418739111E+00-0.262140462E+00-0.108979751E+00
 0.374715821E-01 0.176339018E+00 0.308386005E+00 0.434526575E+00 0.552682546E+00
 0.663401485E+00 0.765386691E+00 0.859268133E+00 0.944869965E+00 0.102219219E+01
 0.109119499E+01 0.115056354E+01 0.120100092E+01 0.124303595E+01 0.127666865E+01
 0.130248379E+01 0.131903507E+01 0.132740883E+01 0.132830200E+01 0.132171460E+01
 0.130745681E+01 0.128588661E+01 0.125715640E+01 0.122128054E+01 0.117836126E+01
 0.112839857E+01 0.107171353E+01 0.100873287E+01 0.939175951E+00 0.863470502E+00
 0.781616521E+00 0.693859033E+00 0.599468795E+00 0.499215248E+00 0.393088622E+00
-0.375643666E+01-0.378525131E+01-0.379921090E+01-0.379716961E+01-0.377938541E+01
-0.374585831E+01-0.369440978E+01-0.362757014E+01-0.354598124E+01-0.344964308E+01
-0.334147365E+01-0.321613862E+01-0.308040361E+01-0.293556858E+01-0.278166662E+01
-0.261741957E+01-0.244609631E+01-0.226902473E+01-0.208620484E+01-0.190203187E+01
-0.171237918E+01-0.152287189E+01-0.133468134E+01-0.114634450E+01-0.957755076E+00
-0.769782106E+00-0.588011924E+00-0.411620130E+00-0.238114664E+00-0.690048883E-01
 0.921414993E-01 0.245703990E+00 0.391682583E+00 0.529804972E+00 0.659839362E+00
 0.781131411E+00 0.893681121E+00 0.995363210E+00 0.108846118E+01 0.117311992E+01
 0.124805994E+01 0.131310534E+01 0.136825611E+01 0.141351224E+01 0.145055698E+01
 0.147902190E+01 0.149830535E+01 0.150867654E+01 0.151144345E+01 0.150672980E+01
 0.149448215E+01 0.147417275E+01 0.144609246E+01 0.141135405E+01 0.136994278E+01
 0.132153575E+01 0.126648372E+01 0.120465798E+01 0.113653520E+01 0.106226160E+01
 0.981596911E+00 0.894822525E+00 0.802093731E+00 0.703252946E+00 0.598356623E+00
 0.104200902E+01 0.104358980E+01 0.104517058E+01 0.104706698E+01 0.104933628E+01
 0.105163014E+01 0.105427697E+01 0.105718532E+01 0.106035991E+01 0.106365560E+01
 0.106739099E+01 0.107134135E+01 0.107549827E+01 0.107999241E+01 0.108482563E+01
 0.108985014E+01 0.109522604E+01 0.110097335E+01 0.110693460E+01 0.111338757E+01
 0.112008117E+01 0.112705963E+01 0.113458663E+01 0.114247590E+01 0.115069917E+01
 0.115931431E+01 0.116846845E+01 0.117802864E+01 0.118815916E+01 0.119861872E+01
 0.120966602E+01 0.122137045E+01 0.123362248E+01 0.124647255E+01 0.125990145E+01
 0.127414253E+01 0.128903595E+01 0.130462662E+01 0.132116380E+01 0.133865736E+01
 0.135701035E+01 0.137623876E+01 0.139646009E+01 0.141801610E+01 0.144094234E+01
 0.146515987E+01 0.149067756E+01 0.151786199E+01 0.154682047E+01 0.157777110E+01
 0.161068529E+01 0.164611809E+01 0.168420943E+01 0.172524129E+01 0.176966931E+01
 0.181809598E+01 0.187128831E+01 0.192994214E+01 0.199512245E+01 0.206919089E+01
 0.215440564E+01 0.225553622E+01 0.238135099E+01 0.255337947E+01 0.285641933E+01
   65  184
 0.251703114E+01 0.609153651E-05 0.251621503E+01 0.501406570E-01 0.251374091E+01
 0.100765283E+00 0.250952034E+01 0.152386257E+00 0.250337647E+01 0.205533153E+00
 0.249506997E+01 0.260783236E+00 0.248424573E+01 0.318764374E+00 0.247043197E+01
 0.380178747E+00 0.245298702E+01 0.445802863E+00 0.243105400E+01 0.516485565E+00
 0.240350072E+01 0.593126628E+00 0.236882056E+01 0.676568810E+00 0.232499330E+01
 0.767250528E+00 0.226897759E+01 0.863003305E+00 0.219284134E+01 0.933337152E+00
 0.209666327E+01 0.908440943E+00 0.200719025E+01 0.859954875E+00 0.192726016E+01
 0.811549886E+00 0.185504515E+01 0.764891179E+00 0.178889334E+01 0.719634572E+00
 0.172753726E+01 0.675148143E+00 0.167004225E+01 0.630765642E+00 0.161575819E+01
 0.585825575E+00 0.156430028E+01 0.539669087E+00 0.151552957E+01 0.491666776E+00
 0.146956761E+01 0.441221587E+00 0.142682491E+01 0.387793815E+00 0.138798061E+01
 0.330980538E+00 0.135396408E+01 0.270581231E+00 0.132586623E+01 0.206683474E+00
 0.130479656E+01 0.139720883E+00 0.129171471E+01 0.704742815E-01 0.128728009E+01
 0.609153656E-05 0.129171360E+01-0.704622080E-01 0.130479283E+01-0.139709443E+00
 0.132586197E+01-0.206672581E+00 0.135395892E+01-0.270571186E+00 0.138797616E+01
-0.330970736E+00 0.142682071E+01-0.387784440E+00 0.146956172E+01-0.441214243E+00
 0.151552161E+01-0.491662546E+00 0.156429525E+01-0.539663029E+00 0.161575531E+01
-0.585817694E+00 0.167003462E+01-0.630767723E+00 0.172753040E+01-0.675152510E+00
 0.178888748E+01-0.719641701E+00 0.185504189E+01-0.764895375E+00 0.192725891E+01
-0.811550408E+00 0.200719025E+01-0.859958927E+00 0.209666431E+01-0.908439283E+00
 0.219284770E+01-0.933356928E+00 0.226899337E+01-0.863043128E+00 0.232501232E+01
-0.767284267E+00 0.236884145E+01-0.676595723E+00 0.240352200E+01-0.593146296E+00
 0.243107639E+01-0.516500663E+00 0.245300860E+01-0.445812260E+00 0.247045127E+01
-0.380182398E+00 0.248426034E+01-0.318761954E+00 0.249509230E+01-0.260782988E+00
 0.250338794E+01-0.205525722E+00 0.250952733E+01-0.152376196E+00 0.251375128E+01
-0.100755162E+00 0.251621885E+01-0.501288497E-01 0.251703114E+01 0.609153651E-05
 0.122000000E+01-0.100000000E-01 0.122359508E+01 0.297729483E-01 0.123076787E+01
 0.692232948E-01 0.123794066E+01 0.108673641E+00 0.124377791E+01 0.148334317E+00
 0.124907729E+01 0.188079697E+00 0.125437668E+01 0.227825078E+00 0.125967606E+01
 0.267570459E+00 0.127447926E+01 0.304750223E+00 0.128990123E+01 0.341762946E+00
 0.130532320E+01 0.378775669E+00 0.132703375E+01 0.412143873E+00 0.135148139E+01
 0.443925809E+00 0.137592904E+01 0.475707746E+00 0.140037668E+01 0.507489682E+00
 0.142626501E+01 0.538072228E+00 0.145308856E+01 0.567876180E+00 0.147991212E+01
 0.597680132E+00 0.150779283E+01 0.626375948E+00 0.153882628E+01 0.651766958E+00
 0.156985974E+01 0.677157967E+00 0.160089319E+01 0.702548977E+00 0.163236280E+01
 0.727393286E+00 0.166401354E+01 0.752010535E+00 0.169566429E+01 0.776627783E+00
 0.172798581E+01 0.800353314E+00 0.176041379E+01 0.823937303E+00 0.179284178E+01
 0.847521292E+00 0.182657556E+01 0.869041217E+00 0.186177664E+01 0.888241806E+00
 0.189697773E+01 0.907442396E+00 0.193240815E+01 0.926204073E+00 0.196827210E+01
 0.944136049E+00 0.200413605E+01 0.962068024E+00 0.204000000E+01 0.980000000E+00
 0.203166667E+01 0.102000000E+01 0.202333333E+01 0.106000000E+01 0.201500000E+01
 0.110000000E+01 0.200666667E+01 0.114000000E+01 0.199833333E+01 0.118000000E+01
 0.199000000E+01 0.122000000E+01 0.203166667E+01 0.120166667E+01 0.207333333E+01
 0.118333333E+01 0.211500000E+01 0.116500000E+01 0.215666667E+01 0.114666667E+01
 0.219833333E+01 0.112833333E+01 0.224000000E+01 0.111000000E+01 0.228000000E+01
 0.111625000E+01 0.232000000E+01 0.112250000E+01 0.236000000E+01 0.112875000E+01
 0.240000000E+01 0.113500000E+01 0.244000000E+01 0.114125000E+01 0.248000000E+01
 0.114750000E+01 0.252000000E+01 0.115375000E+01 0.256000000E+01 0.116000000E+01
 0.258500000E+01 0.112750000E+01 0.261000000E+01 0.109500000E+01 0.263500000E+01
 0.106250000E+01 0.266000000E+01 0.103000000E+01 0.261000000E+01 0.100500000E+01
 0.256000000E+01 0.980000000E+00 0.252500000E+01 0.102000000E+01 0.250750000E+01
 0.104000000E+01 0.249000000E+01 0.106000000E+01 0.245000000E+01 0.103500000E+01
 0.241000000E+01 0.101000000E+01 0.237000000E+01 0.985000000E+00 0.233000000E+01
 0.960000000E+00 0.234669303E+01 0.923275327E+00 0.236338607E+01 0.886550655E+00
 0.238008549E+01 0.849829029E+00 0.239812632E+01 0.813747356E+00 0.241616716E+01
 0.777665682E+00 0.243420800E+01 0.741584009E+00 0.245053432E+01 0.704717642E+00
 0.246604991E+01 0.667480223E+00 0.248156550E+01 0.630242804E+00 0.249505784E+01
 0.592297544E+00 0.250614024E+01 0.553509151E+00 0.251722264E+01 0.514720759E+00
 0.252830504E+01 0.475932367E+00 0.253670144E+01 0.436492791E+00 0.254461287E+01
 0.396935640E+00 0.255252430E+01 0.357378489E+00 0.256049959E+01 0.317835089E+00
 0.256957055E+01 0.278527625E+00 0.257864150E+01 0.239220161E+00 0.258771245E+01
 0.199912697E+00 0.259458716E+01 0.160183479E+00 0.260072123E+01 0.120312033E+00
 0.260685529E+01 0.804405883E-01 0.261000000E+01 0.403405371E-01 0.261000000E+01
 0.166533454E-15 0.261000000E+01-0.403405371E-01 0.260685529E+01-0.804405883E-01
 0.260072123E+01-0.120312033E+00 0.259458716E+01-0.160183479E+00 0.258771245E+01
-0.199912697E+00 0.257864150E+01-0.239220161E+00 0.256957055E+01-0.278527625E+00
 0.256049959E+01-0.317835089E+00 0.255252430E+01-0.357378489E+00 0.254461287E+01
-0.396935640E+00 0.253670144E+01-0.436492791E+00 0.252830504E+01-0.475932367E+00
 0.251722264E+01-0.514720759E+00 0.250614024E+01-0.553509151E+00 0.249505784E+01
-0.592297544E+00 0.248156550E+01-0.630242804E+00 0.246604991E+01-0.667480223E+00
 0.245053432E+01-0.704717642E+00 0.243420800E+01-0.741584009E+00 0.241616716E+01
-0.777665682E+00 0.239812632E+01-0.813747356E+00 0.238008549E+01-0.849829029E+00
 0.236338607E+01-0.886550655E+00 0.234669303E+01-0.923275327E+00 0.233000000E+01
-0.960000000E+00 0.237000000E+01-0.985000000E+00 0.241000000E+01-0.101000000E+01
 0.245000000E+01-0.103500000E+01 0.249000000E+01-0.106000000E+01 0.252500000E+01
-0.102000000E+01 0.254250000E+01-0.100000000E+01 0.256000000E+01-0.980000000E+00
 0.261000000E+01-0.100500000E+01 0.266000000E+01-0.103000000E+01 0.263500000E+01
-0.106250000E+01 0.261000000E+01-0.109500000E+01 0.258500000E+01-0.112750000E+01
 0.256000000E+01-0.116000000E+01 0.252000000E+01-0.115375000E+01 0.248000000E+01
-0.114750000E+01 0.244000000E+01-0.114125000E+01 0.240000000E+01-0.113500000E+01
 0.236000000E+01-0.112875000E+01 0.232000000E+01-0.112250000E+01 0.228000000E+01
-0.111625000E+01 0.224000000E+01-0.111000000E+01 0.219833333E+01-0.112833333E+01
 0.215666667E+01-0.114666667E+01 0.211500000E+01-0.116500000E+01 0.207333333E+01
-0.118333333E+01 0.203166667E+01-0.120166667E+01 0.199000000E+01-0.122000000E+01
 0.199833333E+01-0.118000000E+01 0.200666667E+01-0.114000000E+01 0.201500000E+01
-0.110000000E+01 0.202333333E+01-0.106000000E+01 0.203166667E+01-0.102000000E+01
 0.204000000E+01-0.980000000E+00 0.200359134E+01-0.961795670E+00 0.196718268E+01
-0.943591339E+00 0.193077402E+01-0.925387009E+00 0.189483916E+01-0.906275905E+00
 0.185910344E+01-0.886783693E+00 0.182336771E+01-0.867291481E+00 0.178939412E+01
-0.845013902E+00 0.175647361E+01-0.821071714E+00 0.172355310E+01-0.797129526E+00
 0.169085711E+01-0.772888863E+00 0.165872564E+01-0.747897723E+00 0.162659418E+01
-0.722906582E+00 0.159476574E+01-0.697535604E+00 0.156326094E+01-0.671758950E+00
 0.153175614E+01-0.645982297E+00 0.150025134E+01-0.620205643E+00 0.147298629E+01
-0.589984763E+00 0.144575533E+01-0.559728142E+00 0.141852437E+01-0.529471521E+00
 0.139295036E+01-0.497835466E+00 0.136813140E+01-0.465570819E+00 0.134331244E+01
-0.433306171E+00 0.131849348E+01-0.401041524E+00 0.129970162E+01-0.365283898E+00
 0.128404542E+01-0.327709018E+00 0.126838922E+01-0.290134138E+00 0.125750288E+01
-0.251271604E+00 0.125212301E+01-0.210922562E+00 0.124674314E+01-0.170573520E+00
 0.124136326E+01-0.130224478E+00 0.123456346E+01-0.900990535E-01 0.122728173E+01
-0.500495268E-01 0.122000000E+01-0.100000000E-01
