2.724548641186031455e+04
2.724548641186031455e+04
2.645050764788824745e+04
2.731251186870085075e+04
2.831723565034494095e+04
2.943300386772579077e+04
3.087391252247634475e+04
3.334041863516744343e+04
3.849036710463549389e+04
5.076533085692993336e+04
7.738377160735375946e+04
1.323312783761398750e+05
2.355079952815933211e+05
4.135847639693985693e+05
7.051033013089154847e+05
1.198126086219803896e+06
2.186772014784556348e+06
5.871994544339817949e+06
3.274876530734700337e+07
1.887946599309834093e+07
1.009181108242924139e+07
6.144970904040213674e+06
4.029094773285044357e+06
2.654934391558352392e+06
1.869305361334394664e+06
1.319933899795379257e+06
9.166178345113313990e+05
6.523620043185462710e+05
4.362423493463949999e+05
3.073230003622174845e+05
2.228190966559759690e+05
1.519678935338947922e+05
1.094874580387425376e+05
8.228006268041813746e+04
6.469127622672013968e+04
5.416617315763208899e+04
4.782753117691627267e+04
4.384455684420419857e+04
4.141784118987345573e+04
3.987016430079372367e+04
3.880690492349117267e+04
3.802817411470119987e+04
3.742778654106859904e+04
3.695338659410156833e+04
3.657263420020745252e+04
3.657263420020745252e+04
