-6.289942478884427701e-02
-5.743728958093084064e-02
-4.774932686508052276e-02
-4.007795077192486538e-02
-3.382705204838030999e-02
-2.867526245407040625e-02
-2.433206214779700186e-02
-2.062064348695765575e-02
-1.739677959082974734e-02
-1.460845069986359615e-02
-1.216837301683239628e-02
-9.962534473289774012e-03
-7.983724887369671869e-03
-6.220116076059426478e-03
-4.627738391540437389e-03
-3.197654608985497741e-03
-1.856850017892651070e-03
-5.961029614007681788e-04
5.607845880370652654e-04
1.650937992707743589e-03
2.766833678018503113e-03
3.952128746755913247e-03
5.175981938327518621e-03
6.488629086879963391e-03
7.869907091130591559e-03
9.313419769678549925e-03
1.087450686882540478e-02
1.254042872623587976e-02
1.438588117035181566e-02
1.642589662655649305e-02
1.856837377614466850e-02
2.092152644185835825e-02
2.358434134369633700e-02
2.650597721678899302e-02
2.978145458618994962e-02
3.346067022343156977e-02
3.751578412021903952e-02
4.210907209462681766e-02
4.735064339872003397e-02
5.326139088808162780e-02
6.008686782863428139e-02
6.794368080894847006e-02
7.721124271690338325e-02
8.804738160909243716e-02
1.013311101789076268e-01
1.090811394973083548e-01
