2.305471219497409905e+20
2.161506105522929664e+20
2.026330710815219712e+20
1.900257328890232832e+20
1.781905142147362980e+20
1.669826625659331871e+20
1.562898178181987369e+20
1.460906100916673249e+20
1.364093693730234204e+20
1.269949839185807278e+20
1.179103099478262907e+20
1.092946330926318715e+20
1.010361750291564790e+20
9.315665825486240154e+19
8.569779861473271808e+19
7.869138857395530957e+19
7.221844700070844826e+19
6.616297462126916403e+19
6.027651278937752371e+19
5.465451050672482714e+19
4.928912398207706726e+19
4.416621692348840346e+19
3.930381931768543642e+19
3.457549280578242150e+19
3.013427975809685504e+19
2.605521745947435008e+19
2.226627822743479091e+19
1.878256782882496922e+19
1.562060982297678234e+19
1.279280339992755405e+19
1.031112714145068032e+19
8.145585536692518912e+18
6.306568385892947968e+18
4.783115080338213888e+18
3.514667602052239872e+18
2.514413770136221696e+18
1.747834589706951168e+18
1.176951457044723712e+18
7.613331461764738560e+17
4.725409970921265280e+17
2.768316637681363200e+17
1.509574670571432000e+17
7.213761109085169600e+16
2.295411510515520000e+16
