3.171326898514047207e+04
3.171326898514047207e+04
3.384970645853124006e+04
3.730818485888352734e+04
4.103414732129182084e+04
4.522804698459538486e+04
5.094313342056055262e+04
6.076610916350771004e+04
7.989489834796098876e+04
1.170262220958788239e+05
1.827800102804529597e+05
2.957014773285080446e+05
4.829007086581206531e+05
7.840514938759334618e+05
1.282995660077559063e+06
2.118707478687046561e+06
3.567285989085186273e+06
6.116215666472819634e+06
1.080317690446679853e+07
1.636955091731903702e+07
1.605859029363396019e+07
1.270872665275560506e+07
9.151659866379488260e+06
6.596173075305804610e+06
4.620994920515372418e+06
3.322659293750467245e+06
2.368529092285637278e+06
1.697042619786879746e+06
1.232328352564874804e+06
8.982239687724736286e+05
6.597996852448432473e+05
4.898139523834443535e+05
3.660495341526458506e+05
2.808863578031109646e+05
2.174478919976156321e+05
1.741712465899825038e+05
1.445418118394581834e+05
1.236889091805255885e+05
1.088861968354832352e+05
9.799518978542633704e+04
8.985835300867896876e+04
8.358162240483744245e+04
7.849173012603133975e+04
7.400614301066909684e+04
6.989890641702264838e+04
6.989890641702264838e+04
