-5.093119833547885000e-02
-4.629002412612950867e-02
-3.816964027664822290e-02
-3.180700771514825831e-02
-2.670457876477108639e-02
-2.255941276659810882e-02
-1.904171068225080088e-02
-1.605536807651620698e-02
-1.351143121453851105e-02
-1.132573754279567885e-02
-9.408670020602310710e-03
-7.685698809965658268e-03
-6.141175606073009073e-03
-4.756410936162032421e-03
-3.511541670594724683e-03
-2.388391456628686377e-03
-1.369855936291586047e-03
-4.421324212189097153e-04
4.230642197852209612e-04
1.273103981346588231e-03
2.133164369965121366e-03
2.995129796552938213e-03
3.884962372300243202e-03
4.820298894883414537e-03
5.806543535644761132e-03
6.848691358540197165e-03
7.937421946362719152e-03
9.081277399589061938e-03
1.028795549596795735e-02
1.156559087459526833e-02
1.291902942551968053e-02
1.436135439914059710e-02
1.591561569363204517e-02
1.758228801551428924e-02
1.939539982089449541e-02
2.138663504020788322e-02
2.354639389389317355e-02
2.587373148852162644e-02
2.838100674790715663e-02
3.110808539484000504e-02
3.414424285021493838e-02
3.748684386122059370e-02
4.108950457504123577e-02
4.504605544875690815e-02
4.950430216525059102e-02
5.184426079120829645e-02
