4.703065369617472129e+02
4.525208659587110560e+02
4.359175562078671078e+02
4.203315273565693246e+02
4.055184454963946905e+02
3.911926581784503014e+02
3.770490603111441033e+02
3.628187857226873803e+02
3.482427149845775602e+02
3.328898047810820913e+02
3.162927404932817126e+02
2.979919471440050529e+02
2.771993419940242234e+02
2.531220460400912202e+02
2.245949052525988634e+02
1.898357355578456520e+02
1.468066002108353416e+02
9.445450131994914500e+01
6.441737132500385599e+01
4.624549691251856842e+01
3.546132724183092932e+01
2.868012501337352305e+01
2.410886751557984198e+01
2.076929382542681779e+01
1.820958433018768119e+01
1.618640346270882446e+01
1.450370580092952366e+01
1.306274943975021863e+01
1.181548598947998485e+01
1.071768702326338385e+01
9.733074446484977216e+00
8.830015453840889705e+00
7.982095689853333731e+00
7.186864505172991358e+00
6.417532272257901127e+00
5.681943623830540524e+00
4.990804205265706450e+00
4.345949856608027240e+00
3.744464765758834801e+00
3.200264609121201698e+00
2.719508486316079665e+00
2.314486058999121632e+00
1.997991639193703817e+00
1.705287984959719561e+00
