5.038419144859553853e+02
4.807714475949205166e+02
4.593651890745326227e+02
4.392465717142725339e+02
4.200797993636449519e+02
4.015342595048319367e+02
3.833344172714920433e+02
3.652905189391776162e+02
3.472744533588331706e+02
3.290105280138842545e+02
3.103248703160269883e+02
2.910817386333399668e+02
2.709805336560023648e+02
2.498739097503166704e+02
2.273818044228663666e+02
2.029735209686180895e+02
1.763126147579241376e+02
1.469083825094987787e+02
1.209979212174107346e+02
9.958251231216921440e+01
8.209402478140019355e+01
6.779258330727918747e+01
5.614228777073717680e+01
4.650771039090021475e+01
3.873563641430812510e+01
3.243919429622898321e+01
2.731463954513436931e+01
2.314338496793726208e+01
1.976154869809418102e+01
1.702012158310436618e+01
1.481028119386197517e+01
1.301489996352536416e+01
1.155968724303796691e+01
1.036743290014828389e+01
9.367612644048717740e+00
8.514291238364711134e+00
7.753664631737482438e+00
7.047831269704579071e+00
6.360531448411412825e+00
5.666547567665644713e+00
4.940020743584318197e+00
4.165395379109141594e+00
3.375985410355349270e+00
2.692472290279991576e+00
